0
7
90.29569223502571
10
70.82557138910437
5
-61.564240259796506
17
-50.36545652269534
11
-48.965455618128416
8
46.07533226065995
4
-37.015546435669094
15
-33.85800880579207
22
32.862500181479106
20
-29.098055906728675
16
-25.502182890855366
24
24.936933664454457
3
-24.384837758112425
19
20.43794582641084
14
17.86251362655726
2
-16.45014530430801
1
-16.01633193415792
21
-13.48575151830589
18
13.467045867313985
6
13.135994349829346

1
7
106.31202416918363
10
86.84190332326229
8
62.09166419481787
22
48.878832115637024
5
-45.54790832563859
24
40.953265598612376
19
36.45427776056876
17
-34.34912458853742
14
33.87884556071518
11
-32.9491236839705
18
29.483377801471903
6
29.152326283987264
13
25.12072480087849
4
-20.999214501511176
12
18.705237074954567
15
-17.84167687163415
0
16.01633193415792
9
15.832688821751404
23
15.431224024743074
20
-13.081723972570757

2
7
106.74583753933372
10
87.27571669341238
8
62.52547756496796
22
49.312645485787115
5
-45.1140949554885
24
41.38707896876247
19
36.88809113071885
14
34.31265893086527
17
-33.91531121838733
11
-32.51531031382041
18
29.917191171621994
6
29.586139654137355
13
25.554538171028582
4
-20.565401131361085
12
19.139050445104658
15
-17.40786350148406
0
16.45014530430801
9
16.266502191901495
23
15.865037394893164
20
-12.647910602420666

3
7
114.68052999313814
10
95.2104091472168
8
70.46017001877237
22
57.24733793959153
24
49.32177142256688
19
44.822783584523265
14
42.247351384669685
18
37.85188362542641
6
37.52083210794177
5
-37.17940250168408
13
33.489230624833
12
27.073742898909074
17
-25.980618764582914
11
-24.58061786001599
0
24.384837758112425
9
24.20119464570591
23
23.79972984869758
4
-12.630708677556669
21
10.899086239806536
15
-9.473171047679642

4
7
127.3112386706948
10
107.84111782477346
8
83.09087869632904
22
69.8780466171482
24
61.95248010012355
19
57.45349226207993
14
54.87806006222635
18
50.48259230298308
6
50.15154078549844
13
46.11993930238967
12
39.70445157646574
0
37.015546435669094
9
36.83190332326258
23
36.43043852625425
5
-24.54869382412741
21
23.529794917363205
1
20.999214501511176
2
20.565401131361085
17
-13.349910087026245
3
12.630708677556669

5
7
151.85993249482223
10
132.3898116489009
8
107.63957252045645
22
94.42674044127561
24
86.50117392425096
19
82.00218608620735
14
79.42675388635377
18
75.03128612711049
6
74.70023460962585
13
70.66863312651708
12
64.25314540059316
0
61.564240259796506
9
61.38059714738999
23
60.97913235038166
21
48.07848874149062
1
45.54790832563859
2
45.1140949554885
3
37.17940250168408
16
36.06205736894114
20
32.46618435306783

6
7
77.15969788519637
5
-74.70023460962585
17
-63.501450872524686
11
-62.10144996795776
10
57.68957703927502
4
-50.15154078549844
15
-46.994003155621414
20
-42.23405025655802
16
-38.63817724068471
3
-37.52083210794177
8
32.9393379108306
2
-29.586139654137355
1
-29.152326283987264
21
-26.621745868135235
22
19.72650583164976
23
-13.72110225924419
9
-13.31963746223586
0
-13.135994349829346
24
11.800939314625111
12
-10.447089209032697

7
5
-151.85993249482223
17
-140.66114875772107
11
-139.26114785315414
4
-127.3112386706948
15
-124.15370104081778
20
-119.39374814175439
16
-115.79787512588108
3
-114.68052999313814
2
-106.74583753933372
1
-106.31202416918363
21
-103.7814437533316
23
-90.88080014444056
9
-90.47933534743223
0
-90.29569223502571
12
-87.60678709422906
13
-81.19129936830514
6
-77.15969788519637
18
-76.82864636771173
14
-72.43317860846845
19
-69.85774640861487

8
5
-107.63957252045645
17
-96.44078878335529
11
-95.04078787878836
4
-83.09087869632904
15
-79.93334106645202
20
-75.17338816738862
16
-71.57751515151531
3
-70.46017001877237
2
-62.52547756496796
1
-62.09166419481787
21
-59.56108377896584
23
-46.66044017007479
9
-46.25897537306646
0
-46.07533226065995
7
44.22035997436576
12
-43.3864271198633
13
-36.970939393939375
6
-32.9393379108306
18
-32.60828639334596
14
-28.21281863410269

9
7
90.47933534743223
10
71.00921450151088
5
-61.38059714738999
17
-50.181813410288825
11
-48.7818125057219
8
46.25897537306646
4
-36.83190332326258
15
-33.67436569338555
22
33.04614329388562
20
-28.91441279432216
16
-25.31853977844885
24
25.120576776860972
3
-24.20119464570591
19
20.621588938817354
14
18.046156738963774
2
-16.266502191901495
1
-15.832688821751404
18
13.650688979720499
6
13.31963746223586
21
-13.302108405899375

10
5
-132.3898116489009
17
-121.19102791179971
11
-119.79102700723278
4
-107.84111782477346
15
-104.68358019489644
20
-99.92362729583304
16
-96.32775427995973
3
-95.2104091472168
2
-87.27571669341238
1
-86.84190332326229
21
-84.31132290741026
23
-71.41067929851921
9
-71.00921450151088
0
-70.82557138910437
12
-68.13666624830772
13
-61.721178522383795
6
-57.68957703927502
18
-57.35852552179038
14
-52.96305776254711
19
-50.38762556269353

11
7
139.26114785315414
10
119.79102700723278
8
95.04078787878836
22
81.82795579960752
24
73.90238928258287
19
69.40340144453926
14
66.82796924468568
18
62.4325014854424
6
62.10144996795776
13
58.06984848484899
12
51.654360758925066
0
48.965455618128416
9
48.7818125057219
23
48.38034770871357
21
35.47970409982253
1
32.9491236839705
2
32.51531031382041
3
24.58061786001599
16
23.46327272727305
20
19.86739971139974

12
7
87.60678709422906
10
68.13666624830772
5
-64.25314540059316
17
-53.05436166349199
11
-51.654360758925066
8
43.3864271198633
4
-39.70445157646574
15
-36.54691394658872
20
-31.786961047525324
22
30.173595040682457
16
-28.191088031652015
3
-27.073742898909074
24
22.24802852365781
2
-19.139050445104658
1
-18.705237074954567
19
17.74904068561419
21
-16.17465665910254
14
15.17360848576061
18
10.778140726517336
6
10.447089209032697

13
7
81.19129936830514
5
-70.66863312651708
10
61.721178522383795
17
-59.46984938941591
11
-58.06984848484899
4
-46.11993930238967
15
-42.96240167251264
20
-38.20244877344925
8
36.970939393939375
16
-34.60657575757594
3
-33.489230624833
2
-25.554538171028582
1
-25.12072480087849
22
23.758107314758533
21
-22.590144385026463
24
15.832540797733884
19
11.333552959690266
23
-9.689500776135418
9
-9.288035979127088
0
-9.104392866720573

14
5
-79.42675388635377
7
72.43317860846845
17
-68.2279701492526
11
-66.82796924468568
4
-54.87806006222635
10
52.96305776254711
15
-51.72052243234933
20
-46.960569533285934
16
-43.364696517412625
3
-42.247351384669685
2
-34.31265893086527
1
-33.87884556071518
21
-31.34826514486315
8
28.21281863410269
23
-18.447621535972104
9
-18.046156738963774
0
-17.86251362655726
12
-15.17360848576061
22
14.999986554921847
13
-8.758120759836686

15
7
124.15370104081778
10
104.68358019489644
8
79.93334106645202
22
66.72050898727117
24
58.794942470246525
19
54.29595463220291
14
51.72052243234933
18
47.32505467310605
6
46.994003155621414
13
42.96240167251264
12
36.54691394658872
0
33.85800880579207
9
33.67436569338555
23
33.27290089637722
5
-27.70623145400444
21
20.37225728748618
1
17.84167687163415
2
17.40786350148406
17
-16.507447716903272
11
-15.107446812336349

16
7
115.79787512588108
10
96.32775427995973
8
71.57751515151531
22
58.36468307233447
24
50.43911655530982
19
45.940128717266205
14
43.364696517412625
18
38.96922875816935
6
38.63817724068471
5
-36.06205736894114
13
34.60657575757594
12
28.191088031652015
0
25.502182890855366
9
25.31853977844885
23
24.91707498144052
17
-24.863273631839974
11
-23.46327272727305
21
12.016431372549476
4
-11.513363544813728
1
9.485850956697448

17
7
140.66114875772107
10
121.19102791179971
8
96.44078878335529
22
83.22795670417445
24
75.3023901871498
19
70.80340234910618
14
68.2279701492526
18
63.832502390009324
6
63.501450872524686
13
59.46984938941591
12
53.05436166349199
0
50.36545652269534
9
50.181813410288825
23
49.780348613280495
21
36.87970500438945
1
34.34912458853742
2
33.91531121838733
3
25.980618764582914
16
24.863273631839974
20
21.267400615966665

18
7
76.82864636771173
5
-75.03128612711049
17
-63.832502390009324
11
-62.4325014854424
10
57.35852552179038
4
-50.48259230298308
15
-47.32505467310605
20
-42.56510177404266
16
-38.96922875816935
3
-37.85188362542641
8
32.60828639334596
2
-29.917191171621994
1
-29.483377801471903
21
-26.952797385619874
22
19.39545431416512
23
-14.05215377672883
9
-13.650688979720499
0
-13.467045867313985
24
11.469887797140473
12
-10.778140726517336

19
5
-82.00218608620735
17
-70.80340234910618
7
69.85774640861487
11
-69.40340144453926
4
-57.45349226207993
15
-54.29595463220291
10
50.38762556269353
20
-49.536001733139514
16
-45.940128717266205
3
-44.822783584523265
2
-36.88809113071885
1
-36.45427776056876
21
-33.92369734471673
8
25.63738643424911
23
-21.023053735825684
9
-20.621588938817354
0
-20.43794582641084
12
-17.74904068561419
22
12.424554355068267
13
-11.333552959690266

20
7
119.39374814175439
10
99.92362729583304
8
75.17338816738862
22
61.96055608820778
24
54.03498957118313
19
49.536001733139514
14
46.960569533285934
18
42.56510177404266
6
42.23405025655802
13
38.20244877344925
5
-32.46618435306783
12
31.786961047525324
0
29.098055906728675
9
28.91441279432216
23
28.51294799731383
17
-21.267400615966665
11
-19.86739971139974
21
15.612304388422785
1
13.081723972570757
2
12.647910602420666

21
7
103.7814437533316
10
84.31132290741026
8
59.56108377896584
5
-48.07848874149062
22
46.348251699784996
24
38.42268518276035
17
-36.87970500438945
11
-35.47970409982253
19
33.92369734471673
14
31.34826514486315
18
26.952797385619874
6
26.621745868135235
4
-23.529794917363205
13
22.590144385026463
15
-20.37225728748618
12
16.17465665910254
20
-15.612304388422785
0
13.48575151830589
9
13.302108405899375
23
12.900643608891045

22
5
-94.42674044127561
17
-83.22795670417445
11
-81.82795579960752
4
-69.8780466171482
15
-66.72050898727117
20
-61.96055608820778
16
-58.36468307233447
7
57.433192053546605
3
-57.24733793959153
2
-49.312645485787115
1
-48.878832115637024
21
-46.348251699784996
10
37.96307120762526
23
-33.44760809089395
9
-33.04614329388562
0
-32.862500181479106
12
-30.173595040682457
13
-23.758107314758533
6
-19.72650583164976
18
-19.39545431416512

23
7
90.88080014444056
10
71.41067929851921
5
-60.97913235038166
17
-49.780348613280495
11
-48.38034770871357
8
46.66044017007479
4
-36.43043852625425
22
33.44760809089395
15
-33.27290089637722
20
-28.51294799731383
24
25.522041573869302
16
-24.91707498144052
3
-23.79972984869758
19
21.023053735825684
14
18.447621535972104
2
-15.865037394893164
1
-15.431224024743074
18
14.05215377672883
6
13.72110225924419
21
-12.900643608891045

24
5
-86.50117392425096
17
-75.3023901871498
11
-73.90238928258287
7
65.35875857057125
4
-61.95248010012355
15
-58.794942470246525
20
-54.03498957118313
16
-50.43911655530982
3
-49.32177142256688
10
45.88863772464991
2
-41.38707896876247
1
-40.953265598612376
21
-38.42268518276035
23
-25.522041573869302
9
-25.120576776860972
0
-24.936933664454457
12
-22.24802852365781
8
21.13839859620549
13
-15.832540797733884
6
-11.800939314625111

25
42
54.830963325574146
80
50.870782417902035
41
49.727059417414125
29
-49.7078808779103
40
-48.19588172333164
49
48.15204178811818
75
47.99987255973677
39
-46.10077151335324
56
-41.54474777448138
44
41.237296103804795
70
-38.78097573747516
28
-37.4105637982195
71
37.226780136991124
50
35.5864688427297
81
33.96764210609915
55
-33.89353343312169
69
-29.584355743733653
74
28.756376028796936
53
28.219317507417884
27
-27.859575596581976
35
-27.501098732128867
61
-26.957833827893324
60
-24.44555914268696
43
-24.238886793464815
48
23.1682687147961
65
21.8725295853926
76
21.72453045447338
67
-21.636673238848516
78
-21.129010747728273
33
20.73655786350072
79
20.312638145577495
47
18.324896142432834
64
17.937638641608828
34
17.691948188692493
52
-17.302295292324487
26
-16.938331328360988
58
16.544065281898625
37
15.201366668142995
82
13.735578260516235
30
13.217151335311328

26
42
71.76929465393513
80
67.80911374626302
41
66.66539074577511
49
65.09037311647917
75
64.93820388809776
44
58.17562743216578
71
54.16511146535211
50
52.52480017109069
81
50.90597343446014
74
45.694707357157924
53
45.15764883577887
48
40.10660004315709
65
38.81086091375359
76
38.66286178283437
33
37.67488919186171
79
37.25096947393848
47
35.26322747079382
64
34.875969969969816
34
34.63027951705348
58
33.48239661025961
29
-32.76954954954931
37
32.13969799650398
40
-31.25755039497065
82
30.673909588877223
30
30.155482663672316
39
-29.16244018499225
46
24.822912912912884
62
24.718677572308735
56
-24.60641644612039
31
24.235817399488894
70
-21.842644409114172
63
21.780451648455752
45
21.220701839563787
28
-20.47223246985851
57
17.62611529417937
55
-16.9552021047607
25
16.938331328360988
72
16.437703362482225
54
15.974055132976886
73
15.164680018663148

27
42
82.69053892215612
80
78.73035801448401
41
77.5866350139961
49
76.01161738470016
75
75.85944815631875
44
69.09687170038677
71
65.0863557335731
50
63.44604443931168
81
61.827217702681125
74
56.61595162537891
53
56.07889310399986
48
51.027844311378075
65
49.732105181974575
76
49.58410605105536
33
48.5961334600827
79
48.17221374215947
47
46.18447173901481
64
45.797214238190804
34
45.55152378527447
58
44.4036408784806
37
43.06094226472497
82
41.59515385709821
30
41.076726931893305
46
35.74415718113387
62
35.63992184052972
31
35.15706166770988
63
32.70169591667674
45
32.141946107784776
57
28.54735956240036
25
27.859575596581976
72
27.358947630703213
54
26.895299401197875
73
26.085924286884136
77
25.99491499073625
66
25.580914924421847
29
-21.848305281328322
59
21.25826223293086
40
-20.336306126749662
39
-18.24119591677126
68
17.429132366846176

28
42
92.24152712379365
80
88.28134621612153
41
87.13762321563362
49
85.56260558633768
75
85.41043635795627
44
78.6478599020243
71
74.63734393521062
50
72.9970326409492
81
71.37820590431865
74
66.16693982701644
53
65.62988130563738
48
60.5788325130156
65
59.2830933836121
76
59.13509425269288
33
58.14712166172022
79
57.723201943796994
47
55.73545994065233
64
55.34820243982833
34
55.10251198691199
58
53.954629080118124
37
52.611930466362494
82
51.146142058735734
30
50.62771513353083
46
45.295145382771395
62
45.190910042167246
31
44.708049869347406
63
42.252684118314264
45
41.6929343094223
57
38.09834776403788
25
37.4105637982195
72
36.909935832340736
54
36.4462876028354
73
35.63691248852166
77
35.54590319237377
66
35.13190312605937
59
30.809250434568384
68
26.9801205684837
51
26.40788555496684
32
26.178865819184523
38
25.17487173634356

29
42
104.53884420348444
80
100.57866329581233
41
99.43494029532442
49
97.85992266602848
75
97.70775343764707
44
90.9451769817151
71
86.93466101490142
50
85.29434972064
81
83.67552298400945
74
78.46425690670723
53
77.92719838532818
48
72.8761495927064
65
71.5804104633029
76
71.43241133238368
33
70.44443874141102
79
70.0205190234878
47
68.03277702034313
64
67.64551951951913
34
67.39982906660279
58
66.25194615980892
37
64.9092475460533
82
63.44345913842653
30
62.92503221322163
46
57.592462462462194
62
57.488227121858046
31
57.005366949038205
63
54.55000119800506
45
53.9902513891131
57
50.39566484372868
25
49.7078808779103
72
49.207252912031535
54
48.7436046825262
73
47.93422956821246
77
47.84322027206457
66
47.42922020575017
59
43.10656751425918
68
39.2774376481745
51
38.70520263465764
32
38.47618289887532
38
37.47218881603436

30
29
-62.92503221322163
40
-61.41303305864297
39
-59.317922848664566
56
-54.76189910979271
70
-51.99812707278649
28
-50.62771513353083
55
-47.11068476843302
69
-42.80150707904498
42
41.61381199026282
27
-41.076726931893305
35
-40.718250067440195
61
-40.17498516320465
60
-37.66271047799829
80
37.65363108259071
43
-37.45603812877614
41
36.5099080821028
49
34.934890452806854
67
-34.853824574159844
75
34.782721224425444
78
-34.3461620830396
52
-30.519446627635816
26
-30.155482663672316
44
28.020144768493466
36
-25.825994065281648
38
-25.452843397187266
32
-24.448849314346305
51
-24.21982957856399
71
24.009628801679796
68
-23.64759456504713
50
22.369317507418373
81
20.75049077078782
59
-19.818464698962444
74
15.539224693485608
66
-15.495812007471457
77
-15.081811941157056
53
15.002166172106556
73
-14.990802645009168
54
-14.18142753069543
72
-13.717779301190092
25
-13.217151335311328

31
29
-57.005366949038205
40
-55.493367794459544
39
-53.398257584481144
56
-48.842233845609286
42
47.53347725444624
70
-46.078461808603066
28
-44.708049869347406
80
43.57329634677413
41
42.42957334628622
55
-41.191019504249596
49
40.854555716990276
75
40.702386488608866
69
-36.88184181486156
27
-35.15706166770988
35
-34.79858480325677
61
-34.25531989902123
44
33.93981003267689
60
-31.743045213814867
43
-31.53637286459272
71
29.929294065863218
67
-28.934159309976422
78
-28.42649681885618
50
28.288982771601795
81
26.670156034971242
52
-24.599781363452394
26
-24.235817399488894
74
21.45888995766903
53
20.921831436289978
36
-19.906328801098226
38
-19.533178133003844
32
-18.529184050162883
51
-18.300164314380567
68
-17.727929300863707
48
15.870782643668193
65
14.575043514264692
76
14.427044383345475
59
-13.898799434779022
33
13.439071792372815
79
13.015152074449588
47
11.027410071304928

32
42
66.06266130460912
80
62.10248039693701
41
60.9587573964491
49
59.38373976715316
75
59.23157053877175
44
52.46899408283977
71
48.4584781160261
50
46.81816682176468
81
45.199340085134125
74
39.98807400783191
53
39.45101548645286
29
-38.47618289887532
40
-36.96418374429666
39
-34.86907353431826
48
34.399966693831075
65
33.104227564427575
76
32.95622843350836
33
31.968255842535697
79
31.54433612461247
56
-30.313049795446403
47
29.55659412146781
64
29.169336620643804
34
28.92364616772747
58
27.7757632609336
70
-27.549277758440184
37
26.43306464717797
28
-26.178865819184523
82
24.96727623955121
30
24.448849314346305
55
-22.661835454086713
46
19.116279563586872
62
19.012044222982723
31
18.529184050162883
69
-18.352657764698677
27
-16.627877617547
35
-16.26940075309389
63
16.07381829912974
61
-15.726135848858348
45
15.514068490237776
60
-13.213861163651984

33
29
-70.44443874141102
40
-68.93243958683236
39
-66.83732937685396
56
-62.2813056379821
70
-59.51753360097588
28
-58.14712166172022
55
-54.63009129662241
69
-50.320913607234374
27
-48.5961334600827
35
-48.23765659562959
61
-47.694391691394046
60
-45.18211700618768
43
-44.975444656965536
67
-42.37323110234924
78
-41.865568611228994
52
-38.03885315582521
26
-37.67488919186171
42
34.094405462073425
36
-33.34540059347104
38
-32.97224992537666
32
-31.968255842535697
51
-31.73923610675338
68
-31.16700109323652
80
30.134224554401314
41
28.990501553913404
49
27.41548392461746
59
-27.337871227151837
75
27.26331469623605
66
-23.01521853566085
77
-22.60121846934645
73
-22.51020917319856
54
-21.700834058884823
72
-21.237185829379484
25
-20.73655786350072
44
20.500738240304074
57
-20.048773897682338
71
16.490222273490403
45
-16.45418735229792
63
-15.894437543405957
50
14.84991097922898

34
29
-67.39982906660279
40
-65.88782991202413
39
-63.79271970204573
56
-59.23669596317387
70
-56.47292392616765
28
-55.10251198691199
55
-51.58548162181418
69
-47.276303932426146
27
-45.55152378527447
35
-45.19304692082136
61
-44.64978201658582
60
-42.13750733137945
43
-41.93083498215731
67
-39.32862142754101
78
-38.820958936420766
42
37.13901513688165
52
-34.99424348101698
26
-34.63027951705348
80
33.17883422920954
41
32.03511122872163
49
30.46009359942569
75
30.30792437104428
36
-30.300790918662813
38
-29.92764025056843
32
-28.92364616772747
51
-28.694626431945153
68
-28.122391418428293
59
-24.29326155234361
44
23.545347915112302
66
-19.97060886085262
77
-19.55660879453822
71
19.53483194829863
73
-19.465599498390333
54
-18.656224384076594
72
-18.192576154571256
50
17.89452065403721
25
-17.691948188692493
57
-17.00416422287411
81
16.275693917406656
45
-13.409577677489693

35
42
82.33206205770301
80
78.3718811500309
41
77.22815814954299
49
75.65314052024705
75
75.50097129186564
44
68.73839483593366
71
64.72787886911999
50
63.08756757485857
81
61.468740838228015
74
56.2574747609258
53
55.72041623954675
48
50.669367446924966
65
49.373628317521465
76
49.22562918660225
33
48.23765659562959
79
47.81373687770636
47
45.8259948745617
64
45.438737373737695
34
45.19304692082136
58
44.04516401402749
37
42.70246540027186
82
41.2366769926451
30
40.718250067440195
46
35.38568031668076
62
35.281444976076614
31
34.79858480325677
63
32.34321905222363
45
31.783469243331666
57
28.18888269794725
25
27.501098732128867
72
27.000470766250103
54
26.536822536744765
73
25.727447422431027
77
25.63643812628314
66
25.222438059968738
29
-22.206782145781432
59
20.89978536847775
40
-20.69478299120277
39
-18.59967278122437
68
17.070655502393066

36
42
67.43980605554447
80
63.479625147872355
41
62.335902147384445
49
60.7608845180885
75
60.60871528970709
44
53.846138833775115
71
49.835622866961444
50
48.19531157270002
81
46.57648483606947
74
41.365218758767256
53
40.828160237388204
29
-37.09903814793998
48
35.77711144476642
40
-35.58703899336132
65
34.48137231536292
76
34.3333731844437
39
-33.49192878338292
33
33.34540059347104
79
32.921480875547815
47
30.933738872403154
64
30.546481371579148
34
30.300790918662813
58
29.152908011868945
56
-28.93590504451106
37
27.810209398113315
82
26.344420990486555
70
-26.17213300750484
30
25.825994065281648
28
-24.80172106824918
55
-21.28469070315137
46
20.493424314522215
62
20.389188973918067
31
19.906328801098226
63
17.450963050065084
69
-16.975513013763333
45
16.89121324117312
27
-15.250732866611656
35
-14.892256002158547
61
-14.348991097923005
57
13.296626695788703

37
29
-64.9092475460533
40
-63.39724839147463
39
-61.30213818149623
56
-56.746114442624375
70
-53.982342405618155
28
-52.611930466362494
55
-49.094900101264685
69
-44.78572241187665
27
-43.06094226472497
35
-42.70246540027186
61
-42.15920049603632
60
-39.646925810829956
42
39.62959665743115
43
-39.44025346160781
67
-36.83803990699151
78
-36.33037741587127
80
35.66941574975904
41
34.52569274927113
49
32.95067511997519
75
32.79850589159378
52
-32.50366196046748
26
-32.13969799650398
36
-27.810209398113315
38
-27.437058730018933
32
-26.43306464717797
51
-26.204044911395656
44
26.0359294356618
68
-25.631809897878796
71
22.02541346884813
59
-21.80268003179411
50
20.385102174586706
81
18.766275437956153
66
-17.480027340303124
77
-17.066027273988723
73
-16.975017977840835
54
-16.165642863527097
72
-15.701994634021759
25
-15.201366668142995
57
-14.513582702324612
74
13.55500936065394

38
42
67.06665538745008
80
63.10647447977797
41
61.96275147929006
49
60.38773384999412
75
60.23556462161271
44
53.47298816568073
71
49.46247219886706
50
47.82216090460564
81
46.203334167975086
74
40.99206809067287
53
40.45500956929382
29
-37.47218881603436
40
-35.9601896614557
48
35.40396077667204
65
34.108221647268536
76
33.96022251634932
39
-33.8650794514773
33
32.97224992537666
79
32.54833020745343
47
30.56058820430877
64
30.173330703484766
34
29.92764025056843
56
-29.309055712605442
58
28.779757343774563
37
27.437058730018933
70
-26.545283675599222
82
25.971270322392172
30
25.452843397187266
28
-25.17487173634356
55
-21.657841371245752
46
20.120273646427833
62
20.016038305823685
31
19.533178133003844
69
-17.348663681857715
63
17.077812381970702
45
16.518062573078737
27
-15.623883534706039
35
-15.26540667025293
61
-14.722141766017387
57
12.92347602769432

39
42
100.93173483892738
80
96.97155393125527
41
95.82783093076736
49
94.25281330147142
75
94.10064407309001
44
87.33806761715803
71
83.32755165034436
50
81.68724035608294
81
80.06841361945239
74
74.85714754215017
53
74.32008902077112
48
69.26904022814934
65
67.97330109874584
76
67.82530196782662
33
66.83732937685396
79
66.41340965893073
47
64.42566765578607
64
64.03841015496207
34
63.79271970204573
58
62.64483679525186
37
61.30213818149623
82
59.83634977386947
30
59.317922848664566
46
53.98535309790513
62
53.881117757300984
31
53.398257584481144
63
50.942891833448
45
50.38314202455604
57
46.78855547917162
25
46.10077151335324
72
45.600143547474474
54
45.136495317969135
73
44.3271202036554
77
44.23611090750751
66
43.82211084119311
59
39.49945814970212
68
35.67032828361744
51
35.09809327010058
32
34.86907353431826
38
33.8650794514773

40
42
103.02684504890578
80
99.06666414123367
41
97.92294114074576
49
96.34792351144982
75
96.19575428306841
44
89.43317782713643
71
85.42266186032276
50
83.78235056606134
81
82.16352382943079
74
76.95225775212857
53
76.41519923074952
48
71.36415043812774
65
70.06841130872424
76
69.92041217780502
33
68.93243958683236
79
68.50851986890913
47
66.52077786576447
64
66.13352036494047
34
65.88782991202413
58
64.73994700523026
37
63.39724839147463
82
61.93145998384787
30
61.41303305864297
46
56.080463307883534
62
55.976227967279385
31
55.493367794459544
63
53.0380020434264
45
52.47825223453444
57
48.88366568915002
25
48.19588172333164
72
47.695253757452875
54
47.231605527947536
73
46.4222304136338
77
46.33122111748591
66
45.91722105117151
59
41.59456835968052
68
37.76543849359584
51
37.19320348007898
32
36.96418374429666
38
35.9601896614557

41
29
-99.43494029532442
40
-97.92294114074576
39
-95.82783093076736
56
-91.2718071918955
70
-88.50803515488928
28
-87.13762321563362
55
-83.62059285053581
69
-79.31141516114778
27
-77.5866350139961
35
-77.22815814954299
61
-76.68489324530745
60
-74.17261856010109
43
-73.96594621087894
67
-71.36373265626264
78
-70.8560701651424
52
-67.02935470973861
26
-66.66539074577511
36
-62.335902147384445
38
-61.96275147929006
32
-60.9587573964491
51
-60.729737660666785
68
-60.157502647149926
59
-56.32837278106524
66
-52.005720089574254
77
-51.59172002325985
73
-51.500710727111965
54
-50.69133561279823
72
-50.22768738329289
25
-49.727059417414125
57
-49.03927545159574
45
-45.444688906211326
63
-44.88493909731936
31
-42.42957334628622
62
-41.94671317346638
46
-41.84247783286223
30
-36.5099080821028
82
-35.99148115689789
37
-34.52569274927113
58
-33.1829941355155
34
-32.03511122872163

42
29
-104.53884420348444
40
-103.02684504890578
39
-100.93173483892738
56
-96.37571110005553
70
-93.6119390630493
28
-92.24152712379365
55
-88.72449675869584
69
-84.4153190693078
27
-82.69053892215612
35
-82.33206205770301
61
-81.78879715346747
60
-79.2765224682611
43
-79.06985011903896
67
-76.46763656442266
78
-75.95997407330242
52
-72.13325861789863
26
-71.76929465393513
36
-67.43980605554447
38
-67.06665538745008
32
-66.06266130460912
51
-65.8336415688268
68
-65.26140655530995
59
-61.43227668922526
66
-57.109623997734275
77
-56.695623931419874
73
-56.604614635271986
54
-55.79523952095825
72
-55.33159129145291
25
-54.830963325574146
57
-54.14317935975576
45
-50.54859281437135
63
-49.98884300547938
31
-47.53347725444624
62
-47.0506170816264
46
-46.94638174102225
30
-41.61381199026282
82
-41.09538506505791
37
-39.62959665743115
58
-38.28689804367552
34
-37.13901513688165

43
42
79.06985011903896
80
75.10966921136685
41
73.96594621087894
49
72.390928581583
75
72.23875935320159
44
65.47618289726961
71
61.46566693045594
50
59.825355636194516
81
58.20652889956396
74
52.99526282226175
53
52.4582043008827
48
47.407155508260914
65
46.11141637885741
76
45.963417247938196
33
44.975444656965536
79
44.55152493904231
47
42.56378293589765
64
42.17652543507364
34
41.93083498215731
58
40.78295207536344
37
39.44025346160781
82
37.97446505398105
30
37.45603812877614
46
32.12346837801671
62
32.01923303741256
31
31.53637286459272
63
29.08100711355958
45
28.521257304667614
29
-25.468994084445484
57
24.926670759283198
25
24.238886793464815
40
-23.956994929866823
72
23.73825882758605
54
23.274610598080713
73
22.465235483766975
77
22.374226187619087
66
21.960226121304686
39
-21.861884719888423
59
17.6375734298137
56
-17.305860981016565

44
29
-90.9451769817151
40
-89.43317782713643
39
-87.33806761715803
56
-82.78204387828617
70
-80.01827184127995
28
-78.6478599020243
55
-75.13082953692648
69
-70.82165184753845
27
-69.09687170038677
35
-68.73839483593366
61
-68.19512993169812
60
-65.68285524649175
43
-65.47618289726961
67
-62.87396934265331
78
-62.36630685153307
52
-58.53959139612928
26
-58.17562743216578
36
-53.846138833775115
38
-53.47298816568073
32
-52.46899408283977
51
-52.239974347057455
68
-51.667739333540595
59
-47.83860946745591
66
-43.51595677596492
77
-43.10195670965052
73
-43.010947413502635
54
-42.201572299188896
72
-41.73792406968356
25
-41.237296103804795
57
-40.54951213798641
45
-36.954925592601995
63
-36.39517578371003
31
-33.93981003267689
62
-33.45694985985705
46
-33.3527145192529
30
-28.020144768493466
82
-27.50171784328856
37
-26.0359294356618
58
-24.69323082190617
34
-23.545347915112302

45
29
-53.9902513891131
40
-52.47825223453444
42
50.54859281437135
39
-50.38314202455604
80
46.588411906699235
56
-45.82711828568418
41
45.444688906211326
49
43.86967127691538
75
43.71750204853397
70
-43.06334624867796
28
-41.6929343094223
55
-38.17590394432449
44
36.954925592601995
69
-33.86672625493645
71
32.944409625788325
27
-32.141946107784776
35
-31.783469243331666
50
31.3040983315269
61
-31.240204339096124
81
29.68527159489635
60
-28.72792965388976
43
-28.521257304667614
67
-25.919043750051316
78
-25.411381258931073
74
24.474005517594136
53
23.936946996215084
52
-21.584665803527287
26
-21.220701839563787
48
18.8858982035933
65
17.5901590741898
76
17.442159943270582
36
-16.89121324117312
38
-16.518062573078737
33
16.45418735229792
79
16.030267634374695
32
-15.514068490237776
51
-15.28504875445546
68
-14.7128137409386
47
14.042525631230035
64
13.655268130406029

46
29
-57.592462462462194
40
-56.080463307883534
39
-53.98535309790513
56
-49.429329359033275
42
46.94638174102225
70
-46.665557322027055
28
-45.295145382771395
80
42.98620083335014
41
41.84247783286223
55
-41.778115017673585
49
40.26746020356629
75
40.11529097518488
69
-37.46893732828555
27
-35.74415718113387
35
-35.38568031668076
61
-34.84241541244522
44
33.3527145192529
60
-32.330140727238856
43
-32.12346837801671
67
-29.52125482340041
71
29.34219855243923
78
-29.01359233228017
50
27.701887258177806
81
26.083060521547253
52
-25.186876876876383
26
-24.822912912912884
74
20.87179444424504
36
-20.493424314522215
53
20.33473592286599
38
-20.120273646427833
32
-19.116279563586872
51
-18.887259827804556
68
-18.315024814287696
48
15.283687130244203
59
-14.485894948203011
65
13.987948000840703
76
13.839948869921486
33
12.851976278948825
79
12.428056561025599
47
10.440314557880939

47
29
-68.03277702034313
40
-66.52077786576447
39
-64.42566765578607
56
-59.869643916914214
70
-57.105871879907994
28
-55.73545994065233
55
-52.218429575554524
69
-47.90925188616649
27
-46.18447173901481
35
-45.8259948745617
61
-45.28272997032616
60
-42.770455285119795
43
-42.56378293589765
67
-39.96156938128135
78
-39.45390689016111
42
36.50606718314131
52
-35.62719143475732
26
-35.26322747079382
80
32.5458862754692
41
31.40216327498129
36
-30.933738872403154
38
-30.56058820430877
49
29.82714564568535
75
29.674976417303938
32
-29.55659412146781
51
-29.327574385685494
68
-28.755339372168635
59
-24.92620950608395
44
22.91239996137196
66
-20.603556814592963
77
-20.189556748278562
73
-20.098547452130674
54
-19.289172337816936
71
18.90188399455829
72
-18.825524108311598
25
-18.324896142432834
57
-17.63711217661445
50
17.261572700296867
81
15.642745963666314
45
-14.042525631230035

48
29
-72.8761495927064
40
-71.36415043812774
39
-69.26904022814934
56
-64.71301648927748
70
-61.94924445227126
28
-60.5788325130156
55
-57.06180214791779
69
-52.75262445852975
27
-51.027844311378075
35
-50.669367446924966
61
-50.126102542689424
60
-47.61382785748306
43
-47.407155508260914
67
-44.804941953644615
78
-44.29727946252437
52
-40.470564007120586
26
-40.10660004315709
36
-35.77711144476642
38
-35.40396077667204
32
-34.399966693831075
51
-34.17094695804876
68
-33.5987119445319
42
31.662694610778047
59
-29.769582078447215
80
27.702513703105936
41
26.558790702618026
66
-25.446929386956228
77
-25.032929320641827
49
24.983773073322084
73
-24.94192002449394
75
24.831603844940673
54
-24.1325449101802
72
-23.668896680674862
25
-23.1682687147961
57
-22.480484748977716
45
-18.8858982035933
63
-18.326148394701335
44
18.069027389008696
31
-15.870782643668193
62
-15.387922470848352

49
29
-97.85992266602848
40
-96.34792351144982
39
-94.25281330147142
56
-89.69678956259956
70
-86.93301752559334
28
-85.56260558633768
55
-82.04557522123987
69
-77.73639753185184
27
-76.01161738470016
35
-75.65314052024705
61
-75.10987561601151
60
-72.59760093080514
43
-72.390928581583
67
-69.7887150269667
78
-69.28105253584646
52
-65.45433708044267
26
-65.09037311647917
36
-60.7608845180885
38
-60.38773384999412
32
-59.38373976715316
51
-59.15472003137084
68
-58.58248501785398
59
-54.7533551517693
66
-50.43070246027831
77
-50.01670239396391
73
-49.92569309781602
54
-49.116317983502285
72
-48.652669753996946
25
-48.15204178811818
57
-47.4642578222998
45
-43.86967127691538
63
-43.30992146802342
31
-40.854555716990276
62
-40.371695544170436
46
-40.26746020356629
30
-34.934890452806854
82
-34.41646352760195
37
-32.95067511997519
58
-31.607976506219558
34
-30.46009359942569

50
29
-85.29434972064
40
-83.78235056606134
39
-81.68724035608294
56
-77.13121661721108
70
-74.36744458020486
28
-72.9970326409492
55
-69.48000227585139
69
-65.17082458646335
27
-63.44604443931168
35
-63.08756757485857
61
-62.544302670623026
60
-60.03202798541666
43
-59.825355636194516
67
-57.22314208157822
78
-56.715479590457974
52
-52.88876413505419
26
-52.52480017109069
36
-48.19531157270002
38
-47.82216090460564
32
-46.81816682176468
51
-46.58914708598236
68
-46.0169120724655
59
-42.18778220638082
66
-37.86512951488983
77
-37.45112944857543
73
-37.36012015242754
54
-36.5507450381138
72
-36.087096808608464
25
-35.5864688427297
57
-34.89868487691132
45
-31.3040983315269
63
-30.744348522634937
31
-28.288982771601795
62
-27.806122598781954
46
-27.701887258177806
30
-22.369317507418373
82
-21.850890582213466
37
-20.385102174586706
42
19.244494482844445
58
-19.042403560831076

51
42
65.8336415688268
80
61.873460661154695
41
60.729737660666785
49
59.15472003137084
75
59.00255080298943
44
52.239974347057455
71
48.229458380243784
50
46.58914708598236
81
44.97032034935181
74
39.759054272049596
53
39.221995750670544
29
-38.70520263465764
40
-37.19320348007898
39
-35.09809327010058
48
34.17094695804876
65
32.87520782864526
76
32.72720869772604
33
31.73923610675338
79
31.315316388830155
56
-30.54206953122872
47
29.327574385685494
64
28.94031688486149
34
28.694626431945153
70
-27.7782974942225
58
27.546743525151285
28
-26.40788555496684
37
26.204044911395656
82
24.738256503768895
30
24.21982957856399
55
-22.89085518986903
46
18.887259827804556
62
18.783024487200407
69
-18.581677500480993
31
18.300164314380567
27
-16.856897353329316
35
-16.498420488876206
61
-15.955155584640664
63
15.844798563347425
45
15.28504875445546
60
-13.4428808994343

52
42
72.13325861789863
80
68.17307771022652
41
67.02935470973861
49
65.45433708044267
75
65.30216785206126
44
58.53959139612928
71
54.52907542931561
50
52.88876413505419
81
51.269937398423636
74
46.05867132112142
53
45.52161279974237
48
40.470564007120586
65
39.174824877717086
76
39.02682574679787
33
38.03885315582521
79
37.61493343790198
47
35.62719143475732
64
35.239933933933315
34
34.99424348101698
58
33.84636057422311
37
32.50366196046748
29
-32.40558558558581
82
31.037873552840722
40
-30.89358643100715
30
30.519446627635816
39
-28.79847622102875
46
25.186876876876383
62
25.082641536272234
31
24.599781363452394
56
-24.242452482156892
63
22.14441561241925
45
21.584665803527287
70
-21.478680445150673
28
-20.108268505895012
57
17.99007925814287
25
17.302295292324487
72
16.801667326445724
55
-16.591238140797202
54
16.338019096940386
73
15.528643982626647

53
29
-77.92719838532818
40
-76.41519923074952
39
-74.32008902077112
56
-69.76406528189926
70
-67.00029324489304
28
-65.62988130563738
55
-62.11285094053957
69
-57.80367325115154
27
-56.07889310399986
35
-55.72041623954675
61
-55.17715133531121
60
-52.664876650104844
43
-52.4582043008827
67
-49.8559907462664
78
-49.34832825514616
52
-45.52161279974237
26
-45.15764883577887
36
-40.828160237388204
38
-40.45500956929382
32
-39.45101548645286
51
-39.221995750670544
68
-38.649760737153684
59
-34.820630871069
66
-30.497978179578013
77
-30.083978113263612
73
-29.992968817115724
54
-29.183593702801986
72
-28.719945473296647
25
-28.219317507417884
57
-27.5315335415995
42
26.611645818156262
45
-23.936946996215084
63
-23.37719718732312
80
22.65146491048415
41
21.50774190999624
31
-20.921831436289978
62
-20.438971263470137
46
-20.33473592286599
49
19.9327242807003
75
19.78055505231889

54
42
55.79523952095825
80
51.83505861328614
41
50.69133561279823
49
49.116317983502285
75
48.964148755120874
29
-48.7436046825262
40
-47.231605527947536
39
-45.136495317969135
44
42.201572299188896
56
-40.58047157909728
71
38.191056332375226
70
-37.81669954209106
50
36.5507450381138
28
-36.4462876028354
81
34.93191830148325
55
-32.92925723773759
74
29.720652224181038
53
29.183593702801986
69
-28.62007954834955
27
-26.895299401197875
35
-26.536822536744765
61
-25.993557632509223
48
24.1325449101802
60
-23.48128294730286
43
-23.274610598080713
65
22.8368057807767
76
22.688806649857483
33
21.700834058884823
79
21.276914340961596
67
-20.672397043464414
78
-20.16473455234417
47
19.289172337816936
64
18.90191483699293
34
18.656224384076594
58
17.508341477282727
52
-16.338019096940386
37
16.165642863527097
26
-15.974055132976886
82
14.699854455900336
30
14.18142753069543

55
42
88.72449675869584
80
84.76431585102372
41
83.62059285053581
49
82.04557522123987
75
81.89340599285846
44
75.13082953692648
71
71.12031357011281
50
69.48000227585139
81
67.86117553922084
74
62.649909461918625
53
62.11285094053957
48
57.06180214791779
65
55.76606301851429
76
55.61806388759507
33
54.63009129662241
79
54.206171578699184
47
52.218429575554524
64
51.83117207473052
34
51.58548162181418
58
50.437598715020314
37
49.094900101264685
82
47.629111693637924
30
47.11068476843302
46
41.778115017673585
62
41.673879677069436
31
41.191019504249596
63
38.735653753216454
45
38.17590394432449
57
34.58131739894007
25
33.89353343312169
72
33.392905467242926
54
32.92925723773759
73
32.11988212342385
77
32.02887282727596
66
31.61487276096156
59
27.292220069470574
68
23.46309020338589
51
22.89085518986903
32
22.661835454086713
38
21.657841371245752

56
42
96.37571110005553
80
92.41553019238341
41
91.2718071918955
49
89.69678956259956
75
89.54462033421815
44
82.78204387828617
71
78.7715279114725
50
77.13121661721108
81
75.51238988058053
74
70.30112380327832
53
69.76406528189926
48
64.71301648927748
65
63.41727735987398
76
63.26927822895476
33
62.2813056379821
79
61.857385920058874
47
59.869643916914214
64
59.48238641609021
34
59.23669596317387
58
58.088813056380005
37
56.746114442624375
82
55.280326034997614
30
54.76189910979271
46
49.429329359033275
62
49.32509401842913
31
48.842233845609286
63
46.386868094576144
45
45.82711828568418
57
42.23253174029976
25
41.54474777448138
72
41.044119808602616
54
40.58047157909728
73
39.77109646478354
77
39.68008716863565
66
39.26608710232125
59
34.943434410830264
68
31.11430454474558
51
30.54206953122872
32
30.313049795446403
38
29.309055712605442

57
42
54.14317935975576
29
-50.39566484372868
80
50.18299845208365
41
49.03927545159574
40
-48.88366568915002
49
47.4642578222998
75
47.31208859391839
39
-46.78855547917162
56
-42.23253174029976
44
40.54951213798641
70
-39.46875970329354
28
-38.09834776403788
71
36.53899617117274
50
34.89868487691132
55
-34.58131739894007
81
33.279858140280766
69
-30.272139709552036
27
-28.54735956240036
35
-28.18888269794725
74
28.068592062978553
61
-27.645617793711708
53
27.5315335415995
60
-25.133343108505343
43
-24.926670759283198
48
22.480484748977716
67
-22.3244572046669
78
-21.816794713546656
65
21.184745619574215
76
21.036746488654998
33
20.048773897682338
79
19.62485417975911
52
-17.99007925814287
47
17.63711217661445
26
-17.62611529417937
64
17.249854675790445
34
17.00416422287411
58
15.856281316080242
37
14.513582702324612
36
-13.296626695788703
82
13.047794294697852

58
29
-66.25194615980892
40
-64.73994700523026
39
-62.64483679525186
56
-58.088813056380005
70
-55.325041019373785
28
-53.954629080118124
55
-50.437598715020314
69
-46.12842102563228
27
-44.4036408784806
35
-44.04516401402749
61
-43.50189910979195
60
-40.989624424585585
43
-40.78295207536344
42
38.28689804367552
67
-38.18073852074714
78
-37.6730760296269
80
34.32671713600341
52
-33.84636057422311
26
-33.48239661025961
41
33.1829941355155
49
31.607976506219558
75
31.455807277838147
36
-29.152908011868945
38
-28.779757343774563
32
-27.7757632609336
51
-27.546743525151285
68
-26.974508511634426
44
24.69323082190617
59
-23.14537864554974
71
20.6827148550925
50
19.042403560831076
66
-18.822725954058754
77
-18.408725887744353
73
-18.317716591596465
54
-17.508341477282727
81
17.423576824200524
72
-17.04469324777739
25
-16.544065281898625
57
-15.856281316080242
45
-12.261694770695826

59
42
61.43227668922526
80
57.47209578155315
41
56.32837278106524
49
54.7533551517693
75
54.60118592338789
44
47.83860946745591
71
43.82809350064224
29
-43.10656751425918
50
42.18778220638082
40
-41.59456835968052
81
40.568955469750264
39
-39.49945814970212
74
35.35768939244805
56
-34.943434410830264
53
34.820630871069
70
-32.179662373824044
28
-30.809250434568384
48
29.769582078447215
65
28.473842949043714
76
28.325843818124497
33
27.337871227151837
55
-27.292220069470574
79
26.91395150922861
47
24.92620950608395
64
24.538952005259944
34
24.29326155234361
58
23.14537864554974
69
-22.983042380082537
37
21.80268003179411
27
-21.25826223293086
35
-20.89978536847775
61
-20.35652046424221
82
20.33689162416735
30
19.818464698962444
60
-17.844245779035845
43
-17.6375734298137
67
-15.0353598751974
78
-14.527697384077157
46
14.485894948203011
62
14.381659607598863

60
42
79.2765224682611
80
75.316341560589
41
74.17261856010109
49
72.59760093080514
75
72.44543170242373
44
65.68285524649175
71
61.672339279678084
50
60.03202798541666
81
58.41320124878611
74
53.201935171483896
53
52.664876650104844
48
47.61382785748306
65
46.31808872807956
76
46.17008959716034
33
45.18211700618768
79
44.758197288264455
47
42.770455285119795
64
42.38319778429579
34
42.13750733137945
58
40.989624424585585
37
39.646925810829956
82
38.181137403203195
30
37.66271047799829
46
32.330140727238856
62
32.22590538663471
31
31.743045213814867
63
29.287679462781725
45
28.72792965388976
29
-25.26232173522334
57
25.133343108505343
25
24.44555914268696
72
23.944931176808197
40
-23.750322580644678
54
23.48128294730286
73
22.67190783298912
77
22.580898536841232
66
22.16689847052683
39
-21.655212370666277
59
17.844245779035845
56
-17.09918863179442

61
42
81.78879715346747
80
77.82861624579536
41
76.68489324530745
49
75.10987561601151
75
74.9577063876301
44
68.19512993169812
71
64.18461396488445
50
62.544302670623026
81
60.92547593399247
74
55.71420985669026
53
55.17715133531121
48
50.126102542689424
65
48.83036341328592
76
48.682364282366706
33
47.694391691394046
79
47.27047197347082
47
45.28272997032616
64
44.89547246950215
34
44.64978201658582
58
43.50189910979195
37
42.15920049603632
82
40.69341208840956
30
40.17498516320465
46
34.84241541244522
62
34.73818007184107
31
34.25531989902123
63
31.79995414798809
45
31.240204339096124
57
27.645617793711708
25
26.957833827893324
72
26.45720586201456
54
25.993557632509223
73
25.184182518195485
77
25.093173222047596
66
24.679173155733196
29
-22.750047050016974
40
-21.238047895438314
59
20.35652046424221
39
-19.142937685459913
68
16.527390598157524

62
29
-57.488227121858046
40
-55.976227967279385
39
-53.881117757300984
56
-49.32509401842913
42
47.0506170816264
70
-46.56132198142291
28
-45.190910042167246
80
43.09043617395429
41
41.94671317346638
55
-41.673879677069436
49
40.371695544170436
75
40.219526315789025
69
-37.3647019876814
27
-35.63992184052972
35
-35.281444976076614
61
-34.73818007184107
44
33.45694985985705
60
-32.22590538663471
43
-32.01923303741256
71
29.446433893043377
67
-29.417019482796263
78
-28.90935699167602
50
27.806122598781954
81
26.1872958621514
52
-25.082641536272234
26
-24.718677572308735
74
20.97602978484919
53
20.438971263470137
36
-20.389188973918067
38
-20.016038305823685
32
-19.012044222982723
51
-18.783024487200407
68
-18.210789473683548
48
15.387922470848352
59
-14.381659607598863
65
14.092183341444851
76
13.944184210525634
33
12.956211619552974
79
12.532291901629748
47
10.544549898485087

63
29
-54.55000119800506
40
-53.0380020434264
39
-50.942891833448
42
49.98884300547938
56
-46.386868094576144
80
46.02866209780727
41
44.88493909731936
70
-43.623096057569924
49
43.30992146802342
75
43.15775223964201
28
-42.252684118314264
55
-38.735653753216454
44
36.39517578371003
69
-34.42647606382842
27
-32.70169591667674
71
32.38465981689636
35
-32.34321905222363
61
-31.79995414798809
50
30.744348522634937
60
-29.287679462781725
81
29.125521786004384
43
-29.08100711355958
67
-26.47879355894328
78
-25.971131067823038
74
23.91425570870217
53
23.37719718732312
52
-22.14441561241925
26
-21.780451648455752
48
18.326148394701335
36
-17.450963050065084
38
-17.077812381970702
65
17.030409265297834
76
16.882410134378617
32
-16.07381829912974
33
15.894437543405957
51
-15.844798563347425
79
15.47051782548273
68
-15.272563549830565
47
13.48277582233807
64
13.095518321514064

64
29
-67.64551951951913
40
-66.13352036494047
39
-64.03841015496207
56
-59.48238641609021
70
-56.71861437908399
28
-55.34820243982833
55
-51.83117207473052
69
-47.52199438534248
27
-45.797214238190804
35
-45.438737373737695
61
-44.89547246950215
60
-42.38319778429579
43
-42.17652543507364
67
-39.574311880457344
78
-39.0666493893371
42
36.89332468396532
52
-35.239933933933315
26
-34.875969969969816
80
32.93314377629321
41
31.789420775805297
36
-30.546481371579148
49
30.214403146509355
38
-30.173330703484766
75
30.062233918127944
32
-29.169336620643804
51
-28.94031688486149
68
-28.36808187134463
59
-24.538952005259944
44
23.299657462195967
66
-20.216299313768957
77
-19.802299247454556
73
-19.711289951306668
71
19.289141495382296
54
-18.90191483699293
72
-18.43826660748759
25
-17.937638641608828
50
17.648830201120873
57
-17.249854675790445
81
16.03000346449032
45
-13.655268130406029

65
29
-71.5804104633029
40
-70.06841130872424
39
-67.97330109874584
56
-63.41727735987398
70
-60.65350532286776
28
-59.2830933836121
55
-55.76606301851429
69
-51.45688532912625
27
-49.732105181974575
35
-49.373628317521465
61
-48.83036341328592
60
-46.31808872807956
43
-46.11141637885741
67
-43.509202824241115
78
-43.00154033312087
52
-39.174824877717086
26
-38.81086091375359
36
-34.48137231536292
38
-34.108221647268536
32
-33.104227564427575
42
32.95843374018155
51
-32.87520782864526
68
-32.3029728151284
80
28.998252832509436
59
-28.473842949043714
41
27.854529832021527
49
26.279512202725584
75
26.127342974344174
66
-24.151190257552727
77
-23.737190191238327
73
-23.64618089509044
54
-22.8368057807767
72
-22.373157551271362
25
-21.8725295853926
57
-21.184745619574215
44
19.364766518412196
45
-17.5901590741898
63
-17.030409265297834
71
15.354250551598525
31
-14.575043514264692

66
42
57.109623997734275
80
53.149443090062164
41
52.005720089574254
49
50.43070246027831
75
50.2785332318969
29
-47.42922020575017
40
-45.91722105117151
39
-43.82211084119311
44
43.51595677596492
71
39.50544080915125
56
-39.26608710232125
50
37.86512951488983
70
-36.50231506531503
81
36.24630277825928
28
-35.13190312605937
55
-31.61487276096156
74
31.035036700957065
53
30.497978179578013
69
-27.305695071573524
27
-25.580914924421847
48
25.446929386956228
35
-25.222438059968738
61
-24.679173155733196
65
24.151190257552727
76
24.00319112663351
33
23.01521853566085
79
22.591298817737623
60
-22.16689847052683
43
-21.960226121304686
47
20.603556814592963
64
20.216299313768957
34
19.97060886085262
67
-19.358012566688387
78
-18.850350075568144
58
18.822725954058754
37
17.480027340303124
82
16.014238932676363
30
15.495812007471457
52
-15.023634620164358
26
-14.65967065620086

67
42
76.46763656442266
80
72.50745565675055
41
71.36373265626264
49
69.7887150269667
75
69.63654579858529
44
62.87396934265331
71
58.86345337583964
50
57.22314208157822
81
55.604315344947665
74
50.39304926764545
53
49.8559907462664
48
44.804941953644615
65
43.509202824241115
76
43.3612036933219
33
42.37323110234924
79
41.94931138442601
47
39.96156938128135
64
39.574311880457344
34
39.32862142754101
58
38.18073852074714
37
36.83803990699151
82
35.37225149936475
30
34.853824574159844
46
29.52125482340041
62
29.417019482796263
31
28.934159309976422
29
-28.071207639061782
40
-26.559208484483122
63
26.47879355894328
45
25.919043750051316
39
-24.46409827450472
57
22.3244572046669
25
21.636673238848516
72
21.136045272969753
54
20.672397043464414
56
-19.908074535632863
73
19.863021929150676
77
19.772012633002788
66
19.358012566688387
70
-17.144302498626644

68
42
65.26140655530995
80
61.301225647637835
41
60.157502647149926
49
58.58248501785398
75
58.43031578947257
44
51.667739333540595
71
47.657223366726924
50
46.0169120724655
81
44.39808533583495
29
-39.2774376481745
74
39.186819258532736
53
38.649760737153684
40
-37.76543849359584
39
-35.67032828361744
48
33.5987119445319
65
32.3029728151284
76
32.15497368420918
33
31.16700109323652
56
-31.11430454474558
79
30.743081375313295
47
28.755339372168635
64
28.36808187134463
70
-28.35053250773936
34
28.122391418428293
28
-26.9801205684837
58
26.974508511634426
37
25.631809897878796
82
24.166021490252035
30
23.64759456504713
55
-23.46309020338589
69
-19.153912513997852
46
18.315024814287696
62
18.210789473683548
31
17.727929300863707
27
-17.429132366846176
35
-17.070655502393066
61
-16.527390598157524
63
15.272563549830565
45
14.7128137409386
60
-14.01511591295116

69
42
84.4153190693078
80
80.45513816163569
41
79.31141516114778
49
77.73639753185184
75
77.58422830347043
44
70.82165184753845
71
66.81113588072478
50
65.17082458646335
81
63.5519978498328
74
58.34073177253059
53
57.80367325115154
48
52.75262445852975
65
51.45688532912625
76
51.308886198207034
33
50.320913607234374
79
49.89699388931115
47
47.90925188616649
64
47.52199438534248
34
47.276303932426146
58
46.12842102563228
37
44.78572241187665
82
43.31993400424989
30
42.80150707904498
46
37.46893732828555
62
37.3647019876814
31
36.88184181486156
63
34.42647606382842
45
33.86672625493645
57
30.272139709552036
25
29.584355743733653
72
29.08372777785489
54
28.62007954834955
73
27.810704434035813
77
27.719695137887925
66
27.305695071573524
59
22.983042380082537
29
-20.123525134176646
68
19.153912513997852
40
-18.611525979597985
51
18.581677500480993

70
42
93.6119390630493
80
89.6517581553772
41
88.50803515488928
49
86.93301752559334
75
86.78084829721193
44
80.01827184127995
71
76.00775587446628
50
74.36744458020486
81
72.74861784357431
74
67.5373517662721
53
67.00029324489304
48
61.94924445227126
65
60.65350532286776
76
60.50550619194854
33
59.51753360097588
79
59.093613883052655
47
57.105871879907994
64
56.71861437908399
34
56.47292392616765
58
55.325041019373785
37
53.982342405618155
82
52.516553997991394
30
51.99812707278649
46
46.665557322027055
62
46.56132198142291
31
46.078461808603066
63
43.623096057569924
45
43.06334624867796
57
39.46875970329354
25
38.78097573747516
72
38.2803477715964
54
37.81669954209106
73
37.00732442777732
77
36.91631513162943
66
36.50231506531503
59
32.179662373824044
68
28.35053250773936
51
27.7782974942225
32
27.549277758440184
38
26.545283675599222

71
29
-86.93466101490142
40
-85.42266186032276
39
-83.32755165034436
56
-78.7715279114725
70
-76.00775587446628
28
-74.63734393521062
55
-71.12031357011281
69
-66.81113588072478
27
-65.0863557335731
35
-64.72787886911999
61
-64.18461396488445
60
-61.672339279678084
43
-61.46566693045594
67
-58.86345337583964
78
-58.3557908847194
52
-54.52907542931561
26
-54.16511146535211
36
-49.835622866961444
38
-49.46247219886706
32
-48.4584781160261
51
-48.229458380243784
68
-47.657223366726924
59
-43.82809350064224
66
-39.50544080915125
77
-39.09144074283685
73
-39.000431446688964
54
-38.191056332375226
72
-37.72740810286989
25
-37.226780136991124
57
-36.53899617117274
45
-32.944409625788325
63
-32.38465981689636
31
-29.929294065863218
62
-29.446433893043377
46
-29.34219855243923
30
-24.009628801679796
82
-23.49120187647489
37
-22.02541346884813
58
-20.6827148550925
34
-19.53483194829863

72
42
55.33159129145291
80
51.3714103837808
41
50.22768738329289
29
-49.207252912031535
49
48.652669753996946
75
48.500500525615536
40
-47.695253757452875
39
-45.600143547474474
44
41.73792406968356
56
-41.044119808602616
70
-38.2803477715964
71
37.72740810286989
28
-36.909935832340736
50
36.087096808608464
81
34.46827007197791
55
-33.392905467242926
74
29.2570039946757
69
-29.08372777785489
53
28.719945473296647
27
-27.358947630703213
35
-27.000470766250103
61
-26.45720586201456
60
-23.944931176808197
43
-23.73825882758605
48
23.668896680674862
65
22.373157551271362
76
22.225158420352145
33
21.237185829379484
67
-21.136045272969753
79
20.813266111456258
78
-20.62838278184951
47
18.825524108311598
64
18.43826660748759
34
18.192576154571256
58
17.04469324777739
52
-16.801667326445724
26
-16.437703362482225
37
15.701994634021759
82
14.236206226394998
30
13.717779301190092

73
42
56.604614635271986
80
52.644433727599875
41
51.500710727111965
49
49.92569309781602
75
49.77352386943461
29
-47.93422956821246
40
-46.4222304136338
39
-44.3271202036554
44
43.010947413502635
56
-39.77109646478354
71
39.000431446688964
50
37.36012015242754
70
-37.00732442777732
81
35.74129341579699
28
-35.63691248852166
55
-32.11988212342385
74
30.530027338494776
53
29.992968817115724
69
-27.810704434035813
27
-26.085924286884136
35
-25.727447422431027
61
-25.184182518195485
48
24.94192002449394
65
23.64618089509044
76
23.49818176417122
60
-22.67190783298912
33
22.51020917319856
43
-22.465235483766975
79
22.086289455275335
47
20.098547452130674
67
-19.863021929150676
64
19.711289951306668
34
19.465599498390333
78
-19.355359438030433
58
18.317716591596465
37
16.975017977840835
52
-15.528643982626647
82
15.509229570214075
26
-15.164680018663148
30
14.990802645009168

74
29
-78.46425690670723
40
-76.95225775212857
39
-74.85714754215017
56
-70.30112380327832
70
-67.5373517662721
28
-66.16693982701644
55
-62.649909461918625
69
-58.34073177253059
27
-56.61595162537891
35
-56.2574747609258
61
-55.71420985669026
60
-53.201935171483896
43
-52.99526282226175
67
-50.39304926764545
78
-49.88538677652521
52
-46.05867132112142
26
-45.694707357157924
36
-41.365218758767256
38
-40.99206809067287
32
-39.98807400783191
51
-39.759054272049596
68
-39.186819258532736
59
-35.35768939244805
66
-31.035036700957065
77
-30.621036634642664
73
-30.530027338494776
54
-29.720652224181038
72
-29.2570039946757
25
-28.756376028796936
57
-28.068592062978553
42
26.07458729677721
45
-24.474005517594136
63
-23.91425570870217
80
22.1144063891051
31
-21.45888995766903
62
-20.97602978484919
41
20.97068338861719
46
-20.87179444424504
49
19.395665759321247
75
19.243496530939836

75
29
-97.70775343764707
40
-96.19575428306841
39
-94.10064407309001
56
-89.54462033421815
70
-86.78084829721193
28
-85.41043635795627
55
-81.89340599285846
69
-77.58422830347043
27
-75.85944815631875
35
-75.50097129186564
61
-74.9577063876301
60
-72.44543170242373
43
-72.23875935320159
67
-69.63654579858529
78
-69.12888330746505
52
-65.30216785206126
26
-64.93820388809776
36
-60.60871528970709
38
-60.23556462161271
32
-59.23157053877175
51
-59.00255080298943
68
-58.43031578947257
59
-54.60118592338789
66
-50.2785332318969
77
-49.8645331655825
73
-49.77352386943461
54
-48.964148755120874
72
-48.500500525615536
25
-47.99987255973677
57
-47.31208859391839
45
-43.71750204853397
63
-43.15775223964201
31
-40.702386488608866
62
-40.219526315789025
46
-40.11529097518488
30
-34.782721224425444
82
-34.26429429922054
37
-32.79850589159378
58
-31.455807277838147
34
-30.30792437104428

76
29
-71.43241133238368
40
-69.92041217780502
39
-67.82530196782662
56
-63.26927822895476
70
-60.50550619194854
28
-59.13509425269288
55
-55.61806388759507
69
-51.308886198207034
27
-49.58410605105536
35
-49.22562918660225
61
-48.682364282366706
60
-46.17008959716034
43
-45.963417247938196
67
-43.3612036933219
78
-42.853541202201654
52
-39.02682574679787
26
-38.66286178283437
36
-34.3333731844437
38
-33.96022251634932
42
33.106432871100765
32
-32.95622843350836
51
-32.72720869772604
68
-32.15497368420918
80
29.146251963428654
59
-28.325843818124497
41
28.002528962940744
49
26.4275113336448
75
26.27534210526339
66
-24.00319112663351
77
-23.58919106031911
73
-23.49818176417122
54
-22.688806649857483
72
-22.225158420352145
25
-21.72453045447338
57
-21.036746488654998
44
19.512765649331413
45
-17.442159943270582
63
-16.882410134378617
71
15.502249682517743
31
-14.427044383345475

77
42
56.695623931419874
80
52.73544302374776
41
51.59172002325985
49
50.01670239396391
75
49.8645331655825
29
-47.84322027206457
40
-46.33122111748591
39
-44.23611090750751
44
43.10195670965052
56
-39.68008716863565
71
39.09144074283685
50
37.45112944857543
70
-36.91631513162943
81
35.83230271194488
28
-35.54590319237377
55
-32.02887282727596
74
30.621036634642664
53
30.083978113263612
69
-27.719695137887925
27
-25.99491499073625
35
-25.63643812628314
61
-25.093173222047596
48
25.032929320641827
65
23.737190191238327
76
23.58919106031911
33
22.60121846934645
60
-22.580898536841232
43
-22.374226187619087
79
22.177298751423223
47
20.189556748278562
64
19.802299247454556
67
-19.772012633002788
34
19.55660879453822
78
-19.264350141882545
58
18.408725887744353
37
17.066027273988723
82
15.600238866361963
52
-15.43763468647876
30
15.081811941157056
26
-15.07367072251526

78
42
75.95997407330242
80
71.99979316563031
41
70.8560701651424
49
69.28105253584646
75
69.12888330746505
44
62.36630685153307
71
58.3557908847194
50
56.715479590457974
81
55.09665285382742
74
49.88538677652521
53
49.34832825514616
48
44.29727946252437
65
43.00154033312087
76
42.853541202201654
33
41.865568611228994
79
41.44164889330577
47
39.45390689016111
64
39.0666493893371
34
38.820958936420766
58
37.6730760296269
37
36.33037741587127
82
34.86458900824451
30
34.3461620830396
46
29.01359233228017
62
28.90935699167602
29
-28.578870130182025
31
28.42649681885618
40
-27.066870975603365
63
25.971131067823038
45
25.411381258931073
39
-24.971760765624964
57
21.816794713546656
25
21.129010747728273
72
20.62838278184951
56
-20.415737026753106
54
20.16473455234417
73
19.355359438030433
77
19.264350141882545
66
18.850350075568144
70
-17.651964989746887

79
29
-70.0205190234878
40
-68.50851986890913
39
-66.41340965893073
56
-61.857385920058874
70
-59.093613883052655
28
-57.723201943796994
55
-54.206171578699184
69
-49.89699388931115
27
-48.17221374215947
35
-47.81373687770636
61
-47.27047197347082
60
-44.758197288264455
43
-44.55152493904231
67
-41.94931138442601
78
-41.44164889330577
52
-37.61493343790198
26
-37.25096947393848
42
34.51832517999665
36
-32.921480875547815
38
-32.54833020745343
32
-31.54433612461247
51
-31.315316388830155
68
-30.743081375313295
80
30.55814427232454
41
29.41442127183663
49
27.839403642540688
75
27.687234414159278
59
-26.91395150922861
66
-22.591298817737623
77
-22.177298751423223
73
-22.086289455275335
54
-21.276914340961596
44
20.9246579582273
72
-20.813266111456258
25
-20.312638145577495
57
-19.62485417975911
71
16.91414199141363
45
-16.030267634374695
63
-15.47051782548273
50
15.273830697152206

80
29
-100.57866329581233
40
-99.06666414123367
39
-96.97155393125527
56
-92.41553019238341
70
-89.6517581553772
28
-88.28134621612153
55
-84.76431585102372
69
-80.45513816163569
27
-78.73035801448401
35
-78.3718811500309
61
-77.82861624579536
60
-75.316341560589
43
-75.10966921136685
67
-72.50745565675055
78
-71.99979316563031
52
-68.17307771022652
26
-67.80911374626302
36
-63.479625147872355
38
-63.10647447977797
32
-62.10248039693701
51
-61.873460661154695
68
-61.301225647637835
59
-57.47209578155315
66
-53.149443090062164
77
-52.73544302374776
73
-52.644433727599875
54
-51.83505861328614
72
-51.3714103837808
25
-50.870782417902035
57
-50.18299845208365
45
-46.588411906699235
63
-46.02866209780727
31
-43.57329634677413
62
-43.09043617395429
46
-42.98620083335014
30
-37.65363108259071
82
-37.1352041573858
37
-35.66941574975904
58
-34.32671713600341
34
-33.17883422920954

81
29
-83.67552298400945
40
-82.16352382943079
39
-80.06841361945239
56
-75.51238988058053
70
-72.74861784357431
28
-71.37820590431865
55
-67.86117553922084
69
-63.5519978498328
27
-61.827217702681125
35
-61.468740838228015
61
-60.92547593399247
60
-58.41320124878611
43
-58.20652889956396
67
-55.604315344947665
78
-55.09665285382742
52
-51.269937398423636
26
-50.90597343446014
36
-46.57648483606947
38
-46.203334167975086
32
-45.199340085134125
51
-44.97032034935181
68
-44.39808533583495
59
-40.568955469750264
66
-36.24630277825928
77
-35.83230271194488
73
-35.74129341579699
54
-34.93191830148325
72
-34.46827007197791
25
-33.96764210609915
57
-33.279858140280766
45
-29.68527159489635
63
-29.125521786004384
31
-26.670156034971242
62
-26.1872958621514
46
-26.083060521547253
42
20.863321219474997
30
-20.75049077078782
82
-20.232063845582914
37
-18.766275437956153
58
-17.423576824200524

82
29
-63.44345913842653
40
-61.93145998384787
39
-59.83634977386947
56
-55.280326034997614
70
-52.516553997991394
28
-51.146142058735734
55
-47.629111693637924
69
-43.31993400424989
27
-41.59515385709821
35
-41.2366769926451
42
41.09538506505791
61
-40.69341208840956
60
-38.181137403203195
43
-37.97446505398105
80
37.1352041573858
41
35.99148115689789
67
-35.37225149936475
78
-34.86458900824451
49
34.41646352760195
75
34.26429429922054
52
-31.037873552840722
26
-30.673909588877223
44
27.50171784328856
36
-26.344420990486555
38
-25.971270322392172
32
-24.96727623955121
51
-24.738256503768895
68
-24.166021490252035
71
23.49120187647489
50
21.850890582213466
59
-20.33689162416735
81
20.232063845582914
66
-16.014238932676363
77
-15.600238866361963
73
-15.509229570214075
74
15.020797768280701
54
-14.699854455900336
53
14.48373924690165
72
-14.236206226394998
25
-13.735578260516235

