0
10
109.82775933609999
7
106.77070539419132
4
91.93867219917068
9
69.60672199170166
20
53.33509948072633
1
46.852614107884335
11
36.34248962655684
15
32.67917012448194
5
31.81510373444047
24
30.288033203964176
8
28.69020746888009
19
27.04844570896651
12
-26.336639004148253
23
25.777036604552364
13
-22.023651452281797
2
-12.053443983401706
16
-11.733153526969971
22
10.985876561588555
6
10.312199170124927
21
7.872604316314948

1
12
-73.18925311203259
13
-68.87626556016613
10
62.97514522821565
7
59.91809128630699
2
-58.90605809128604
16
-58.58576763485431
17
-52.862904564315215
18
-51.2673405459191
0
-46.852614107884335
4
45.08605809128635
3
-41.797136929460436
14
-40.32477178423247
21
-38.98000979156939
6
-36.54041493775941
22
-35.86673754629578
9
22.754107883817326
23
-21.07557750333197
19
-19.804168398917824
8
-18.162406639004246
24
-16.56458090392016

2
10
121.8812033195017
7
118.82414937759303
4
103.99211618257239
9
81.66016597510337
20
65.38854346412803
1
58.90605809128604
11
48.39593360995855
15
44.73261410788365
5
43.868547717842176
24
42.34147718736588
8
40.743651452281796
19
39.10188969236822
23
37.83048058795407
22
23.03932054499026
6
22.365643153526634
21
19.926048299716655
14
18.581286307053574
3
17.108921161825606
12
-14.283195020746547
0
12.053443983401706

3
10
104.77228215767609
7
101.71522821576743
4
86.88319502074678
9
64.55124481327776
20
48.27962230230243
1
41.797136929460436
12
-31.392116182572153
11
31.28701244813294
15
27.623692946058043
13
-27.079128630705696
5
26.75962655601657
24
25.232556025540276
8
23.63473029045619
19
21.992968530542612
23
20.721559426128465
2
-17.108921161825606
16
-16.78863070539387
17
-11.06576763485478
18
-9.470203616458662
22
5.930399383164655

4
12
-118.27531120331894
13
-113.96232365145248
2
-103.99211618257239
16
-103.67182572614065
17
-97.94896265560156
18
-96.35339863720544
0
-91.93867219917068
3
-86.88319502074678
14
-85.41082987551881
21
-84.06606788285573
6
-81.62647302904575
22
-80.95279563758213
23
-66.16163559461832
19
-64.89022649020417
8
-63.24846473029059
24
-61.650638995206506
5
-60.12356846473021
15
-59.25950207468874
11
-55.59618257261384
1
-45.08605809128635

5
10
78.01265560165952
7
74.95560165975085
4
60.12356846473021
12
-58.15174273858872
13
-53.83875518672227
2
-43.868547717842176
16
-43.54825726141044
17
-37.82539419087135
9
37.79161825726119
18
-36.22983017247523
0
-31.81510373444047
3
-26.75962655601657
14
-25.287261410788602
21
-23.94249941812552
20
21.519995746285858
6
-21.502904564315543
22
-20.829227172851915
1
15.037510373443865
23
-6.0380671298881055
19
-4.766658025473959

6
10
99.51556016597506
7
96.4585062240664
4
81.62647302904575
9
59.294522821576734
20
43.0229003106014
12
-36.64883817427318
1
36.54041493775941
13
-32.335850622406724
11
26.030290456431914
15
22.366970954357015
2
-22.365643153526634
16
-22.0453526970949
5
21.502904564315543
24
19.97583403383925
8
18.378008298755162
19
16.736246538841584
17
-16.322489626555807
23
15.464837434427437
18
-14.72692560815969
0
-10.312199170124927

7
12
-133.1073443983396
13
-128.79435684647314
2
-118.82414937759303
16
-118.5038589211613
17
-112.7809958506222
18
-111.18543183222609
0
-106.77070539419132
3
-101.71522821576743
14
-100.24286307053946
21
-98.89810107787638
6
-96.4585062240664
22
-95.78482883260277
23
-80.99366878963896
19
-79.72225968522481
8
-78.08049792531124
24
-76.48267219022715
5
-74.95560165975085
15
-74.09153526970938
11
-70.42821576763448
1
-59.91809128630699

8
10
81.1375518672199
7
78.08049792531124
4
63.24846473029059
12
-55.02684647302834
13
-50.713858921161886
9
40.91651452282157
2
-40.743651452281796
16
-40.42336099585006
17
-34.70049792531097
18
-33.10493390691485
0
-28.69020746888009
20
24.64489201184624
3
-23.63473029045619
14
-22.16236514522822
21
-20.81760315256514
6
-18.378008298755162
1
18.162406639004246
22
-17.704330907291535
11
7.652282157676751
15
3.9889626556018527

9
12
-95.94336099584991
13
-91.63037344398346
2
-81.66016597510337
16
-81.33987551867163
17
-75.61701244813254
18
-74.02144842973642
0
-69.60672199170166
3
-64.55124481327776
14
-63.078879668049794
21
-61.73411767538671
6
-59.294522821576734
22
-58.62084543011311
23
-43.8296853871493
19
-42.55827628273515
8
-40.91651452282157
10
40.221037344398326
24
-39.318688787737486
5
-37.79161825726119
7
37.16398340248966
15
-36.92755186721972

10
12
-136.16439834024823
13
-131.85141078838177
2
-121.8812033195017
16
-121.56091286306996
17
-115.83804979253087
18
-114.24248577413475
0
-109.82775933609999
3
-104.77228215767609
14
-103.29991701244812
21
-101.95515501978504
6
-99.51556016597506
22
-98.84188277451143
23
-84.05072273154762
19
-82.77931362713348
8
-81.1375518672199
24
-79.53972613213581
5
-78.01265560165952
15
-77.14858921161805
11
-73.48526970954315
1
-62.97514522821565

11
10
73.48526970954315
7
70.42821576763448
12
-62.679128630705094
13
-58.36614107883864
4
55.59618257261384
2
-48.39593360995855
16
-48.07564315352681
17
-42.35278008298772
18
-40.7572160645916
0
-36.34248962655684
9
33.26423236514482
3
-31.28701244813294
14
-29.814647302904973
21
-28.469885310241892
6
-26.030290456431914
22
-25.356613064968286
20
16.992609854169487
23
-10.565453022004476
1
10.510124481327495
19
-9.29404391759033

12
10
136.16439834024823
7
133.1073443983396
4
118.27531120331894
9
95.94336099584991
20
79.67173848487458
1
73.18925311203259
11
62.679128630705094
15
59.015809128630195
5
58.15174273858872
24
56.62467220811243
8
55.02684647302834
19
53.385084713114765
23
52.11367560870062
22
37.32251556573681
6
36.64883817427318
21
34.2092433204632
14
32.86448132780012
3
31.392116182572153
0
26.336639004148253
18
21.92191256611349

13
10
131.85141078838177
7
128.79435684647314
4
113.96232365145248
9
91.63037344398346
20
75.35875093300812
1
68.87626556016613
11
58.36614107883864
15
54.70282157676374
5
53.83875518672227
24
52.31168465624597
8
50.713858921161886
19
49.07209716124831
23
47.80068805683416
22
33.00952801387035
6
32.335850622406724
21
29.896255768596745
14
28.551493775933665
3
27.079128630705696
0
22.023651452281797
18
17.608925014247035

14
10
103.29991701244812
7
100.24286307053946
4
85.41082987551881
9
63.078879668049794
20
46.80725715707446
1
40.32477178423247
12
-32.86448132780012
11
29.814647302904973
13
-28.551493775933665
15
26.151327800830074
5
25.287261410788602
24
23.760190880312308
8
22.16236514522822
19
20.520603385314644
23
19.249194280900497
2
-18.581286307053574
16
-18.26099585062184
17
-12.538132780082748
18
-10.94256876168663
0
-6.527842323651868

15
10
77.14858921161805
7
74.09153526970938
4
59.25950207468874
12
-59.015809128630195
13
-54.70282157676374
2
-44.73261410788365
16
-44.41232365145191
17
-38.68946058091282
18
-37.093896562516704
9
36.92755186721972
0
-32.67917012448194
3
-27.623692946058043
14
-26.151327800830074
21
-24.806565808166994
6
-22.366970954357015
22
-21.693293562893388
20
20.655929356244386
1
14.173443983402393
23
-6.902133519929578
19
-5.630724415515431

16
10
121.56091286306996
7
118.5038589211613
4
103.67182572614065
9
81.33987551867163
20
65.0682530076963
1
58.58576763485431
11
48.07564315352681
15
44.41232365145191
5
43.54825726141044
24
42.02118673093415
8
40.42336099585006
19
38.78159923593648
23
37.510190131522336
22
22.719030088558526
6
22.0453526970949
21
19.60575784328492
14
18.26099585062184
3
16.78863070539387
12
-14.603485477178282
0
11.733153526969971

17
10
115.83804979253087
7
112.7809958506222
4
97.94896265560156
9
75.61701244813254
20
59.34538993715721
1
52.862904564315215
11
42.35278008298772
15
38.68946058091282
5
37.82539419087135
24
36.298323660395056
8
34.70049792531097
19
33.05873616539739
23
31.787327060983245
12
-20.326348547717373
22
16.996167018019435
6
16.322489626555807
13
-16.013360995850917
21
13.882894772745829
14
12.538132780082748
3
11.06576763485478

18
10
114.24248577413475
7
111.18543183222609
4
96.35339863720544
9
74.02144842973642
20
57.74982591876109
1
51.2673405459191
11
40.7572160645916
15
37.093896562516704
5
36.22983017247523
24
34.70275964199894
8
33.10493390691485
19
31.463172147001274
23
30.191763042587127
12
-21.92191256611349
13
-17.608925014247035
22
15.400602999623317
6
14.72692560815969
21
12.28733075434971
14
10.94256876168663
3
9.470203616458662

19
10
82.77931362713348
7
79.72225968522481
4
64.89022649020417
12
-53.385084713114765
13
-49.07209716124831
9
42.55827628273515
2
-39.10188969236822
16
-38.78159923593648
17
-33.05873616539739
18
-31.463172147001274
0
-27.04844570896651
20
26.286653771759816
3
-21.992968530542612
14
-20.520603385314644
1
19.804168398917824
21
-19.175841392651563
6
-16.736246538841584
22
-16.062569147377957
11
9.29404391759033
15
5.630724415515431

20
12
-79.67173848487458
13
-75.35875093300812
2
-65.38854346412803
16
-65.0682530076963
17
-59.34538993715721
18
-57.74982591876109
10
56.49265985537366
7
53.435605913465
0
-53.33509948072633
3
-48.27962230230243
14
-46.80725715707446
21
-45.46249516441138
6
-43.0229003106014
22
-42.34922291913777
4
38.603572718444354
23
-27.558062876173963
19
-26.286653771759816
8
-24.64489201184624
24
-23.047066276762152
5
-21.519995746285858

21
10
101.95515501978504
7
98.89810107787638
4
84.06606788285573
9
61.73411767538671
20
45.46249516441138
1
38.98000979156939
12
-34.2092433204632
13
-29.896255768596745
11
28.469885310241892
15
24.806565808166994
5
23.94249941812552
24
22.415428887649227
8
20.81760315256514
2
-19.926048299716655
16
-19.60575784328492
19
19.175841392651563
23
17.904432288237416
17
-13.882894772745829
18
-12.28733075434971
0
-7.872604316314948

22
10
98.84188277451143
7
95.78482883260277
4
80.95279563758213
9
58.62084543011311
20
42.34922291913777
12
-37.32251556573681
1
35.86673754629578
13
-33.00952801387035
11
25.356613064968286
2
-23.03932054499026
16
-22.719030088558526
15
21.693293562893388
5
20.829227172851915
24
19.30215664237562
8
17.704330907291535
17
-16.996167018019435
19
16.062569147377957
18
-15.400602999623317
23
14.79116004296381
0
-10.985876561588555

23
10
84.05072273154762
7
80.99366878963896
4
66.16163559461832
12
-52.11367560870062
13
-47.80068805683416
9
43.8296853871493
2
-37.83048058795407
16
-37.510190131522336
17
-31.787327060983245
18
-30.191763042587127
20
27.558062876173963
0
-25.777036604552364
1
21.07557750333197
3
-20.721559426128465
14
-19.249194280900497
21
-17.904432288237416
6
-15.464837434427437
22
-14.79116004296381
11
10.565453022004476
15
6.902133519929578

24
10
79.53972613213581
7
76.48267219022715
4
61.650638995206506
12
-56.62467220811243
13
-52.31168465624597
2
-42.34147718736588
16
-42.02118673093415
9
39.318688787737486
17
-36.298323660395056
18
-34.70275964199894
0
-30.288033203964176
3
-25.232556025540276
14
-23.760190880312308
20
23.047066276762152
21
-22.415428887649227
6
-19.97583403383925
22
-19.30215664237562
1
16.56458090392016
11
6.054456422592665
23
-4.510996599411811

25
62
-90.07277497502608
63
-85.4855597024347
57
-78.7153679653687
35
-77.35186033265066
69
-76.66169562476222
46
-76.61506493506556
27
-74.86359307359263
59
-74.36480519480503
43
-73.60549783549865
61
-72.62562770562775
70
-71.28308266733214
51
-65.65243050808897
66
-65.18056343656323
58
-64.45082251082243
31
-63.2643603326504
56
-61.75194805194775
74
-61.08162112887163
64
-60.78050574425623
60
-56.72636363636397
47
-49.965105946684844
30
-49.03904761904789
65
-49.01519077039532
79
-47.56949115539743
68
-47.156236513486675
71
-44.40192863447248
72
-44.264278149035476
50
-44.08346320346334
75
-43.901093683016455
78
-39.19917882117869
34
-37.874805194805475
32
-37.24519480519518
55
-34.959886648440005
26
-33.38701298701284
49
-29.803614718615137
53
-28.223351560720374
38
-28.047662337662615
73
-27.941404362628163
48
-27.911904761905134
40
-25.640043290042996
33
24.58370984278848

26
33
57.97072282980132
62
-56.68576198801324
37
55.49480177716988
63
-52.09854671542186
45
50.376190476190104
29
48.4844155844152
41
47.8574891774888
57
-45.32835497835586
35
-43.96484734563782
69
-43.27468263774938
46
-43.22805194805272
27
-41.47658008657979
44
41.066190476190016
59
-40.97779220779219
43
-40.218484848485815
61
-39.23861471861491
28
38.53060606060569
42
38.2279653679649
70
-37.8960696803193
36
35.064805194804805
25
33.38701298701284
51
-32.26541752107613
66
-31.793550449550395
58
-31.063809523809596
31
-29.87734734563756
56
-28.36493506493491
74
-27.694608141858794
64
-27.393492757243393
76
25.100930319679406
60
-23.339350649351132
82
20.227683469546903
47
-16.578092959672006
80
15.800366659202638
30
-15.652034632035054
65
-15.628177783382483
52
14.202424242423646
79
-14.182478168384591
68
-13.769223526473837
39
13.692389496467968
81
12.54265040514997

27
33
99.4473029163811
37
96.97138186374967
45
91.85277056276989
29
89.96099567099499
41
89.33406926406859
44
82.5427705627698
28
80.00718614718548
42
79.70454545454469
36
76.54138528138459
25
74.86359307359263
76
66.5775104062592
82
61.70426355612669
80
57.276946745782425
52
55.67900432900343
39
55.168969583047755
81
54.01923049172976
77
53.937120749799334
54
53.12341991341896
67
50.48176152649904
40
49.22354978354963
48
46.95168831168749
73
46.92218871096446
38
46.81593073593001
53
46.64024151287225
49
45.05997835497749
26
41.47658008657979
55
39.90370642515262
32
37.61839826839744
34
36.98878787878715
78
35.664414252413934
75
30.96249939057617
50
30.780129870129286
72
30.59931492455715
71
30.461664439120142
68
27.70735656010595
79
27.294101918195196
65
25.848402303197304
30
25.824545454544733
47
24.89848712690778
60
18.137229437228655

28
62
-95.21636804861893
63
-90.62915277602755
57
-83.85896103896155
35
-82.49545340624351
69
-81.80528869835507
46
-81.75865800865841
27
-80.00718614718548
59
-79.50839826839788
43
-78.7490909090915
61
-77.7692207792206
70
-76.42667574092499
51
-70.79602358168182
66
-70.32415651015609
58
-69.59441558441529
31
-68.40795340624325
56
-66.8955411255406
74
-66.22521420246449
64
-65.92409881784909
60
-61.869956709956824
47
-55.1086990202777
30
-54.182640692640746
65
-54.158783843988175
79
-52.71308422899028
68
-52.29982958707953
71
-49.54552170806534
72
-49.40787122262833
50
-49.22705627705619
75
-49.04468675660931
78
-44.342771894771545
34
-43.01839826839833
32
-42.38878787878804
55
-40.10347972203286
26
-38.53060606060569
49
-34.94720779220799
53
-33.36694463431323
38
-33.19125541125547
73
-33.084997436221016
48
-33.05549783549799
40
-30.78363636363585
67
-29.525424620686437

29
62
-105.17017757242844
63
-100.58296229983706
57
-93.81277056277106
35
-92.44926293005302
69
-91.75909822216458
46
-91.71246753246793
27
-89.96099567099499
59
-89.4622077922074
43
-88.70290043290102
61
-87.72303030303011
70
-86.3804852647345
51
-80.74983310549133
66
-80.2779660339656
58
-79.5482251082248
31
-78.36176293005276
56
-76.84935064935011
74
-76.179023726274
64
-75.8779083416586
60
-71.82376623376634
47
-65.06250854408721
30
-64.13645021645026
65
-64.11259336779769
79
-62.666893752799794
68
-62.25363911088904
71
-59.49933123187485
72
-59.36168074643784
50
-59.1808658008657
75
-58.99849628041882
78
-54.296581418581056
34
-52.97220779220784
32
-52.34259740259755
55
-50.05728924584237
26
-48.4844155844152
49
-44.9010173160175
53
-43.32075415812274
38
-43.14506493506498
73
-43.03880696003053
48
-43.0093073593075
40
-40.73744588744536
67
-39.47923414449595

30
33
73.62275746183637
37
71.14683640920494
45
66.02822510822516
29
64.13645021645026
41
63.509523809523856
44
56.71822510822507
28
54.182640692640746
42
53.87999999999995
36
50.71683982683986
25
49.03904761904789
62
-41.033727355978186
76
40.75296495171446
63
-36.44651208338681
82
35.87971810158196
80
31.452401291237692
52
29.8544588744587
57
-29.676320346320807
39
29.34442412850302
35
-28.312812713602767
81
28.194685037185025
77
28.1125752952546
69
-27.622648005714325
46
-27.57601731601767
54
27.298874458874224
27
-25.824545454544733
59
-25.325757575757137
67
24.65721607195431
43
-24.56645021645076
61
-23.586580086579858
40
23.399004329004896
70
-22.244035048284246
48
21.127142857142758
73
21.09764325641973
38
20.991385281385277
53
20.815696058327518
49
19.235432900432755
51
-16.613382889041077
66
-16.14151581751534
26
15.652034632035054
58
-15.411774891774542

31
33
87.84807017543888
37
85.37214912280744
45
80.25353782182766
29
78.36176293005276
41
77.73483652312636
44
70.94353782182758
28
68.40795340624325
42
68.10531271360246
36
64.94215254044236
25
63.2643603326504
76
54.978277665316966
82
50.10503081518446
80
45.6777140048402
52
44.079771588061206
39
43.56973684210553
81
42.41999775078753
77
42.33788800885711
54
41.52418717247673
67
38.882528785556815
40
37.6243170426074
48
35.35245557074526
73
35.322955970022235
38
35.21669799498778
53
35.041008771930024
49
33.46074561403526
26
29.87734734563756
55
28.304473684210393
62
-26.80841464237568
32
26.019165527455215
34
25.389555137844923
78
24.065181511471707
63
-22.2211993697843
75
19.363266649633943
50
19.18089712918706
72
19.00008218361492
71
18.862431698177915
68
16.108123819163723
79
15.694869177252968
57
-15.451007632718301
65
14.249169562255076

32
33
61.82890464798366
37
59.35298359535223
45
54.23437229437245
62
-52.827580169830895
29
52.34259740259755
41
51.71567099567115
63
-48.240364897239516
44
44.92437229437236
28
42.38878787878804
42
42.086147186147244
57
-41.470173160173516
35
-40.106665527455476
69
-39.416500819567034
46
-39.36987012987038
36
38.92298701298715
27
-37.61839826839744
25
37.24519480519518
59
-37.119610389609846
43
-36.36030303030347
61
-35.38043290043257
70
-34.037887862136955
76
28.95911213786175
51
-28.407235702893786
66
-27.93536863136805
58
-27.20562770562725
31
-26.019165527455215
56
-24.506753246752567
82
24.08586528772925
74
-23.83642632367645
64
-23.53531093906105
80
19.658548477384983
60
-19.481168831168787
52
18.06060606060599
39
17.550571314650313
81
16.400832223332316
77
16.318722481401892
54
15.505021645021515
67
12.8633632581016
47
-12.71991114148966
30
-11.793852813852709

33
62
-114.65648481781456
63
-110.06926954522318
57
-103.29907780815718
35
-101.93557017543914
69
-101.2454054675507
46
-101.19877477785404
27
-99.4473029163811
59
-98.94851503759351
43
-98.18920767828713
61
-97.20933754841623
70
-95.86679251012062
51
-90.23614035087745
66
-89.76427327935171
58
-89.03453235361091
31
-87.84807017543888
56
-86.33565789473623
74
-85.66533097166011
64
-85.36421558704471
60
-81.31007347915245
47
-74.54881578947332
30
-73.62275746183637
65
-73.5989006131838
79
-72.15320099818591
68
-71.73994635627515
71
-68.98563847726096
72
-68.84798799182396
50
-68.66717304625182
75
-68.48480352580494
78
-63.78288866396717
34
-62.458515037593955
32
-61.82890464798366
55
-59.543596491228485
26
-57.97072282980132
49
-54.38732456140362
53
-52.807061403508854
38
-52.631372180451095
73
-52.52511420541664
48
-52.495614604693614
40
-50.223753132831476
67
-48.96554138988206

34
33
62.458515037593955
37
59.98259398496252
45
54.86398268398274
29
52.97220779220784
41
52.34528138528144
62
-52.1979697802206
63
-47.610754507629224
44
45.55398268398265
28
43.01839826839833
42
42.715757575757536
57
-40.840562770563224
36
39.55259740259744
35
-39.477055137845184
69
-38.78689042995674
46
-38.740259740260086
25
37.874805194805475
27
-36.98878787878715
59
-36.489999999999554
43
-35.73069264069318
61
-34.750822510822275
70
-33.40827747252666
76
29.588722527472044
51
-27.777625313283494
66
-27.305758241757758
58
-26.57601731601696
31
-25.389555137844923
82
24.71547567733954
56
-23.877142857142275
74
-23.206815934066157
64
-22.905700549450756
80
20.288158866995275
60
-18.851558441558495
52
18.690216450216283
39
18.180181704260605
81
17.030442612942608
77
16.948332871012184
54
16.134632034631807
67
13.492973647711892
40
12.234761904762479
47
-12.090300751879369

35
33
101.93557017543914
37
99.4596491228077
45
94.34103782182792
29
92.44926293005302
41
91.82233652312662
44
85.03103782182784
28
82.49545340624351
42
82.19281271360272
36
79.02965254044263
25
77.35186033265066
76
69.06577766531723
82
64.19253081518472
80
59.76521400484046
52
58.16727158806147
39
57.65723684210579
81
56.50749775078779
77
56.42538800885737
54
55.61168717247699
67
52.970028785557076
40
51.71181704260766
48
49.439955570745525
73
49.4104559700225
38
49.304197994988044
53
49.128508771930285
49
47.54824561403552
26
43.96484734563782
55
42.391973684210654
32
40.106665527455476
34
39.477055137845184
78
38.15268151147197
75
33.450766649634204
50
33.26839712918732
72
33.08758218361518
71
32.949931698178176
68
30.195623819163984
79
29.78236917725323
65
28.336669562255338
30
28.312812713602767
47
27.386754385965816
60
20.62549669628669

36
62
-91.75056718281805
63
-87.16335191022667
57
-80.39316017316067
35
-79.02965254044263
69
-78.33948783255418
46
-78.29285714285753
27
-76.54138528138459
59
-76.042597402597
43
-75.28329004329062
61
-74.30341991341972
70
-72.9608748751241
51
-67.33022271588094
66
-66.8583556443552
58
-66.1286147186144
31
-64.94215254044236
56
-63.42974025973972
74
-62.7594133366636
64
-62.4582979520482
60
-58.40415584415594
47
-51.64289815447681
30
-50.71683982683986
65
-50.69298297818729
79
-49.247283363189396
68
-48.83402872127864
71
-46.07972084226445
72
-45.94207035682744
50
-45.761255411255306
75
-45.57888589080842
78
-40.87697102897066
34
-39.55259740259744
32
-38.92298701298715
55
-36.63767885623197
26
-35.064805194804805
49
-31.481406926407104
53
-29.90114376851234
38
-29.725454545454582
73
-29.61919657042013
48
-29.5896969696971
40
-27.317835497834963
67
-26.05962375488555

37
62
-112.18056376518312
63
-107.59334849259174
57
-100.82315675552574
35
-99.4596491228077
69
-98.76948441491926
46
-98.7228537252226
27
-96.97138186374967
59
-96.47259398496207
43
-95.7132866256557
61
-94.7334164957848
70
-93.39087145748918
51
-87.76021929824601
66
-87.28835222672028
58
-86.55861130097948
31
-85.37214912280744
56
-83.8597368421048
74
-83.18940991902868
64
-82.88829453441328
60
-78.83415242652102
47
-72.07289473684189
30
-71.14683640920494
65
-71.12297956055237
79
-69.67727994555447
68
-69.26402530364372
71
-66.50971742462953
72
-66.37206693919252
50
-66.19125199362038
75
-66.0088824731735
78
-61.306967611335736
34
-59.98259398496252
32
-59.35298359535223
55
-57.06767543859705
26
-55.49480177716988
49
-51.91140350877218
53
-50.33114035087742
38
-50.15545112781966
73
-50.04919315278521
48
-50.01969355206218
40
-47.74783208020004
67
-46.48962033725063

38
62
-62.02511263736346
63
-57.437897364772084
33
52.631372180451095
57
-50.667705627706084
37
50.15545112781966
35
-49.304197994988044
69
-48.6140332870996
46
-48.567402597402946
27
-46.81593073593001
59
-46.317142857142414
43
-45.55783549783604
45
45.03683982683988
61
-44.577965367965135
70
-43.23542032966952
29
43.14506493506498
41
42.51813852813858
51
-37.604768170426354
66
-37.13290109890062
58
-36.40316017315982
44
35.72683982683979
31
-35.21669799498778
56
-33.704285714285135
28
33.19125541125547
74
-33.03395879120902
42
32.888614718614676
64
-32.73284340659362
36
29.725454545454582
60
-28.678701298701355
25
28.047662337662615
47
-21.91744360902223
30
-20.991385281385277
65
-20.967528432732706
76
19.761579670329184
79
-19.521828817734814
68
-19.10857417582406
71
-16.354266296809868
72
-16.21661581137286
50
-16.035800865800724
75
-15.85343134535384
82
14.88833282019668

39
62
-70.37815148448121
63
-65.79093621188983
57
-59.02074447482383
35
-57.65723684210579
69
-56.96707213421735
46
-56.92044144452069
27
-55.168969583047755
59
-54.67018170426016
43
-53.91087434495378
61
-52.93100421508288
70
-51.58845917678727
51
-45.9578070175441
66
-45.48593994601836
58
-44.75619902027756
33
44.27833333333335
31
-43.56973684210553
56
-42.05732456140288
37
41.802412280701915
74
-41.38699763832676
64
-41.08588225371136
60
-37.0317401458191
45
36.683800979722136
29
34.792026087947235
41
34.165099681020834
47
-30.270482456139973
30
-29.34442412850302
65
-29.32056727985045
79
-27.87486766485256
68
-27.461613022941805
44
27.37380097972205
28
24.838216564137724
71
-24.707305143927613
72
-24.569654658490606
42
24.53557587149693
50
-24.388839712918468
75
-24.206470192471585
36
21.372415698336837
25
19.69462349054487
78
-19.50455533063382
34
-18.180181704260605

40
62
-64.43273168498308
63
-59.8455164123917
57
-53.0753246753257
35
-51.71181704260766
69
-51.02165233471922
46
-50.975021645022565
33
50.223753132831476
27
-49.22354978354963
59
-48.72476190476203
43
-47.96545454545566
37
47.74783208020004
61
-46.98558441558475
70
-45.64303937728914
45
42.62922077922026
29
40.73744588744536
41
40.11051948051896
51
-40.01238721804597
66
-39.54052014652024
58
-38.81077922077944
31
-37.6243170426074
56
-36.11190476190475
74
-35.441577838828636
64
-35.140462454213235
44
33.319220779220174
60
-31.086320346320974
28
30.78363636363585
42
30.480995670995057
36
27.317835497834963
25
25.640043290042996
47
-24.325062656641848
30
-23.399004329004896
65
-23.375147480352325
79
-21.929447865354433
68
-21.51619322344368
71
-18.761885344429487
72
-18.62423485899248
50
-18.443419913420342
75
-18.26105039297346
76
17.353960622709565
78
-13.559135531135695

41
62
-104.54325116550204
63
-99.95603589291066
57
-93.18584415584466
35
-91.82233652312662
69
-91.13217181523818
46
-91.08554112554152
27
-89.33406926406859
59
-88.835281385281
43
-88.07597402597462
61
-87.09610389610371
70
-85.7535588578081
51
-80.12290669856493
66
-79.6510396270392
58
-78.9212987012984
31
-77.73483652312636
56
-76.22242424242371
74
-75.5520973193476
64
-75.2509819347322
60
-71.19683982683993
47
-64.43558213716081
30
-63.509523809523856
65
-63.485666960871285
79
-62.03996734587339
68
-61.62671270396264
71
-58.87240482494845
72
-58.73475433951144
50
-58.5539393939393
75
-58.37156987349242
78
-53.669655011654655
34
-52.34528138528144
32
-51.71567099567115
55
-49.43036283891597
26
-47.8574891774888
49
-44.2740909090911
53
-42.69382775119634
38
-42.51813852813858
73
-42.411880553104126
48
-42.3823809523811
40
-40.11051948051896
67
-38.85230773756955

42
62
-94.91372735597814
63
-90.32651208338676
57
-83.55632034632076
35
-82.19281271360272
69
-81.50264800571428
46
-81.45601731601762
27
-79.70454545454469
59
-79.20575757575709
43
-78.44645021645071
61
-77.46658008657981
70
-76.1240350482842
51
-70.49338288904103
66
-70.0215158175153
58
-69.2917748917745
31
-68.10531271360246
56
-66.59290043289981
74
-65.92257350982369
64
-65.62145812520829
60
-61.56731601731603
47
-54.806058327636904
30
-53.87999999999995
65
-53.85614315134738
79
-52.41044353634949
68
-51.997188894438736
71
-49.242881015424544
72
-49.10523052998754
50
-48.9244155844154
75
-48.742046063968516
78
-44.04013120213075
34
-42.715757575757536
32
-42.086147186147244
55
-39.800839029392066
26
-38.2279653679649
49
-34.6445670995672
53
-33.064303941672435
38
-32.888614718614676
73
-32.78235674358022
48
-32.752857142857195
40
-30.480995670995057
67
-29.222783928045644

43
33
98.18920767828713
37
95.7132866256557
45
90.59467532467592
29
88.70290043290102
41
88.07597402597462
44
81.28467532467583
28
78.7490909090915
42
78.44645021645071
36
75.28329004329062
25
73.60549783549865
76
65.31941516816522
82
60.44616831803272
80
56.01885150768845
52
54.42090909090946
39
53.91087434495378
81
52.761135253635786
77
52.67902551170536
54
51.865324675324985
67
49.22366628840507
40
47.96545454545566
48
45.69359307359352
73
45.66409347287049
38
45.55783549783604
53
45.38214627477828
49
43.801883116883516
26
40.218484848485815
55
38.64561118705865
32
36.36030303030347
34
35.73069264069318
78
34.40631901431996
75
29.704404152482198
50
29.522034632035314
72
29.341219686463177
71
29.20356920102617
68
26.449261322011978
79
26.036006680101224
65
24.59030706510333
30
24.56645021645076
47
23.64039188881381
60
16.879134199134683

44
62
-97.75195246420326
63
-93.16473719161188
57
-86.39454545454588
35
-85.03103782182784
69
-84.3408731139394
46
-84.29424242424274
27
-82.5427705627698
59
-82.04398268398221
43
-81.28467532467583
61
-80.30480519480493
70
-78.96226015650932
51
-73.33160799726615
66
-72.85974092574041
58
-72.12999999999961
31
-70.94353782182758
56
-69.43112554112493
74
-68.76079861804881
64
-68.45968323343341
60
-64.40554112554115
47
-57.64428343586202
30
-56.71822510822507
65
-56.6943682595725
79
-55.24866864457461
68
-54.83541400266385
71
-52.08110612364966
72
-51.943455638212654
50
-51.76264069264052
75
-51.58027117219363
78
-46.87835631035587
34
-45.55398268398265
32
-44.92437229437236
55
-42.63906413761718
26
-41.066190476190016
49
-37.482792207792315
53
-35.90252904989755
38
-35.72683982683979
73
-35.62058185180534
48
-35.59108225108231
40
-33.319220779220174
67
-32.06100903627076

45
62
-107.06195246420334
63
-102.47473719161196
57
-95.70454545454596
35
-94.34103782182792
69
-93.65087311393948
46
-93.60424242424283
27
-91.85277056276989
59
-91.3539826839823
43
-90.59467532467592
61
-89.61480519480502
70
-88.2722601565094
51
-82.64160799726623
66
-82.1697409257405
58
-81.4399999999997
31
-80.25353782182766
56
-78.74112554112502
74
-78.0707986180489
64
-77.7696832334335
60
-73.71554112554124
47
-66.95428343586211
30
-66.02822510822516
65
-66.00436825957259
79
-64.5586686445747
68
-64.14541400266394
71
-61.39110612364975
72
-61.25345563821274
50
-61.072640692640604
75
-60.89027117219372
78
-56.18835631035596
34
-54.86398268398274
32
-54.23437229437245
55
-51.94906413761727
26
-50.376190476190104
49
-46.7927922077924
53
-45.21252904989764
38
-45.03683982683988
73
-44.93058185180543
48
-44.9010822510824
40
-42.62922077922026
67
-41.37100903627085

46
33
101.19877477785404
37
98.7228537252226
45
93.60424242424283
29
91.71246753246793
41
91.08554112554152
44
84.29424242424274
28
81.75865800865841
42
81.45601731601762
36
78.29285714285753
25
76.61506493506556
76
68.32898226773213
82
63.45573541759963
80
59.02841860725536
52
57.43047619047637
39
56.92044144452069
81
55.770702353202694
77
55.68859261127227
54
54.87489177489189
67
52.23323338797198
40
50.975021645022565
48
48.70316017316043
73
48.6736605724374
38
48.567402597402946
53
48.39171337434519
49
46.811450216450424
26
43.22805194805272
55
41.655178286625556
32
39.36987012987038
34
38.740259740260086
78
37.41588611388687
75
32.713971252049106
50
32.53160173160222
72
32.350786786030085
71
32.21313630059308
68
29.458828421578886
79
29.045573779668132
65
27.59987416467024
30
27.57601731601767
47
26.649958988380718
60
19.88870129870159

47
33
74.54881578947332
37
72.07289473684189
45
66.95428343586211
29
65.06250854408721
41
64.43558213716081
44
57.64428343586202
28
55.1086990202777
42
54.806058327636904
36
51.64289815447681
25
49.965105946684844
76
41.67902327935141
62
-40.107669028341235
82
36.80577642921891
63
-35.520453755749855
80
32.37845961887464
52
30.780517202095652
39
30.270482456139973
81
29.120743364821976
77
29.038633622891552
57
-28.750262018683856
54
28.224932786511175
35
-27.386754385965816
69
-26.696589678077373
46
-26.649958988380718
67
25.58327439959126
27
-24.89848712690778
59
-24.399699248120186
40
24.325062656641848
43
-23.64039188881381
61
-22.660521758942906
48
22.05320118477971
73
22.02370158405668
38
21.91744360902223
53
21.74175438596447
70
-21.317976720647295
49
20.161491228069707
26
16.578092959672006
51
-15.687324561404125
66
-15.21545748987839
55
15.005219298244839

48
62
-62.160870213120944
63
-57.573654940529565
33
52.495614604693614
57
-50.803463203463565
37
50.01969355206218
35
-49.439955570745525
69
-48.74979086285708
46
-48.70316017316043
27
-46.95168831168749
59
-46.452900432899895
43
-45.69359307359352
45
44.9010822510824
61
-44.713722943722615
70
-43.371177905427004
29
43.0093073593075
41
42.3823809523811
51
-37.740525746183835
66
-37.2686586746581
58
-36.5389177489173
44
35.59108225108231
31
-35.35245557074526
56
-33.840043290042615
74
-33.1697163669665
28
33.05549783549799
64
-32.8686009823511
42
32.752857142857195
36
29.5896969696971
60
-28.814458874458836
25
27.911904761905134
47
-22.05320118477971
30
-21.127142857142758
65
-21.103286008490187
79
-19.657586393492295
76
19.625822094571703
68
-19.24433175158154
71
-16.49002387256735
72
-16.352373387130342
50
-16.171558441558204
75
-15.989188921111321
82
14.7525752444392

49
62
-60.26916025641094
63
-55.68194498381956
33
54.38732456140362
37
51.91140350877218
57
-48.91175324675356
35
-47.54824561403552
69
-46.85808090614708
46
-46.811450216450424
45
46.7927922077924
27
-45.05997835497749
29
44.9010173160175
59
-44.56119047618989
41
44.2740909090911
43
-43.801883116883516
61
-42.82201298701261
70
-41.479467948717
44
37.482792207792315
51
-35.84881578947383
66
-35.376948717948096
28
34.94720779220799
58
-34.6472077922073
42
34.6445670995672
31
-33.46074561403526
56
-31.948333333332613
36
31.481406926407104
74
-31.278006410256495
64
-30.976891025641095
25
29.803614718615137
60
-26.922748917748834
76
21.517532051281705
47
-20.161491228069707
30
-19.235432900432755
65
-19.211576051780185
79
-17.765876436782293
68
-17.35262179487154
82
16.644285201149202
71
-14.598313915857347
72
-14.46066343042034
50
-14.279848484848202
75
-14.097478964401319

50
33
68.66717304625182
37
66.19125199362038
45
61.072640692640604
29
59.1808658008657
41
58.5539393939393
44
51.76264069264052
28
49.22705627705619
42
48.9244155844154
62
-45.98931177156274
36
45.761255411255306
25
44.08346320346334
63
-41.40209649897136
76
35.79738053612991
57
-34.63190476190536
35
-33.26839712918732
69
-32.57823242129888
46
-32.53160173160222
82
30.924133685997404
27
-30.780129870129286
59
-30.28134199134169
43
-29.522034632035314
61
-28.54216450216441
70
-27.1996194638688
80
26.49681687565314
52
24.898874458874147
39
24.388839712918468
81
23.23910062160047
77
23.156990879670047
54
22.34329004328967
51
-21.56896730462563
66
-21.097100233099894
58
-20.367359307359095
67
19.701631656369756
31
-19.18089712918706
40
18.443419913420342
56
-17.66848484848441
74
-16.998157925408293
64
-16.697042540792893
48
16.171558441558204
73
16.142058840835176

51
33
90.23614035087745
37
87.76021929824601
45
82.64160799726623
29
80.74983310549133
41
80.12290669856493
44
73.33160799726615
28
70.79602358168182
42
70.49338288904103
36
67.33022271588094
25
65.65243050808897
76
57.36634784075554
82
52.493100990623034
80
48.06578418027877
52
46.46784176349978
39
45.9578070175441
81
44.8080679262261
77
44.72595818429568
54
43.9122573479153
67
41.270598960995386
40
40.01238721804597
48
37.740525746183835
73
37.711026145460806
38
37.604768170426354
53
37.429078947368595
49
35.84881578947383
26
32.26541752107613
55
30.692543859648964
32
28.407235702893786
34
27.777625313283494
78
26.453251686910278
62
-24.42034446693711
75
21.751336825072514
50
21.56896730462563
72
21.388152359053493
71
21.250501873616486
63
-19.83312919434573
68
18.496193994602294
79
18.08293935269154
65
16.637239737693648
30
16.613382889041077

52
62
-70.88818623043689
63
-66.30097095784551
57
-59.53077922077951
35
-58.16727158806147
69
-57.477106880173025
46
-57.43047619047637
27
-55.67900432900343
59
-55.18021645021584
43
-54.42090909090946
61
-53.44103896103856
70
-52.098493922742946
51
-46.46784176349978
66
-45.99597469197404
58
-45.26623376623324
31
-44.079771588061206
33
43.76829858737767
56
-42.56735930735856
74
-41.89703238428244
64
-41.59591699966704
37
41.29237753474624
60
-37.54177489177478
45
36.17376623376646
29
34.28199134199156
41
33.655064935065155
47
-30.780517202095652
30
-29.8544588744587
65
-29.83060202580613
79
-28.384902410808238
68
-27.971647768897483
44
26.86376623376637
71
-25.21733988988329
72
-25.079689404446285
50
-24.898874458874147
75
-24.716504938427263
28
24.328181818182046
42
24.025541125541253
36
20.86238095238116
78
-20.0145900765895
25
19.184588744589192
34
-18.690216450216283

53
62
-61.849423414305704
63
-57.262208141714325
33
52.807061403508854
57
-50.492016404648325
37
50.33114035087742
35
-49.128508771930285
69
-48.43834406404184
46
-48.39171337434519
27
-46.64024151287225
59
-46.141453634084655
43
-45.38214627477828
45
45.21252904989764
61
-44.402276144907376
29
43.32075415812274
70
-43.059731106611764
41
42.69382775119634
51
-37.429078947368595
66
-36.95721187584286
58
-36.22747095010206
44
35.90252904989755
31
-35.041008771930024
56
-33.528596491227376
28
33.36694463431323
42
33.064303941672435
74
-32.85826956815126
64
-32.55715418353586
36
29.90114376851234
60
-28.503012075643596
25
28.223351560720374
47
-21.74175438596447
30
-20.815696058327518
65
-20.791839209674947
76
19.937268893386943
79
-19.346139594677055
68
-18.9328849527663
71
-16.17857707375211
72
-16.040926588315102
50
-15.860111642742964
75
-15.677742122296081
82
15.06402204325444

54
62
-68.33260181485241
63
-63.74538654226103
57
-56.97519480519503
35
-55.61168717247699
69
-54.92152246458855
46
-54.87489177489189
27
-53.12341991341896
59
-52.62463203463136
43
-51.865324675324985
61
-50.88545454545408
70
-49.54290950715847
33
46.32388300296215
51
-43.9122573479153
37
43.84796195033071
66
-43.440390276389564
58
-42.710649350648765
31
-41.52418717247673
56
-40.01177489177408
74
-39.34144796869796
64
-39.04033258408256
45
38.729350649350934
29
36.83757575757603
41
36.21064935064963
60
-34.9861904761903
44
29.419350649350847
47
-28.224932786511175
30
-27.298874458874224
65
-27.275017610221653
28
26.883766233766522
42
26.58112554112573
79
-25.82931799522376
68
-25.416063353313007
36
23.417965367965635
71
-22.661755474298815
72
-22.524104988861808
50
-22.34329004328967
75
-22.160920522842787
25
21.74017316017367
78
-17.459005661005023
34
-16.134632034631807

55
33
59.543596491228485
37
57.06767543859705
62
-55.112888326586074
45
51.94906413761727
63
-50.525673053994694
29
50.05728924584237
41
49.43036283891597
57
-43.755481316928694
44
42.63906413761718
35
-42.391973684210654
69
-41.70180897632221
46
-41.655178286625556
28
40.10347972203286
27
-39.90370642515262
42
39.800839029392066
59
-39.404918546365025
43
-38.64561118705865
61
-37.665741057187745
36
36.63767885623197
70
-36.32319601889213
25
34.959886648440005
51
-30.692543859648964
66
-30.220676788123228
58
-29.49093586238243
31
-28.304473684210393
56
-26.792061403507745
76
26.673803981106573
74
-26.121734480431627
64
-25.820619095816227
82
21.80055713097407
60
-21.766476987923966
80
17.373240320629805
52
15.775297903850813
39
15.265263157895134
47
-15.005219298244839
81
14.115524066577137
30
-14.079160970607887
65
-14.055304121955317
77
14.033414324646714
54
13.219713488266336

56
33
86.33565789473623
37
83.8597368421048
45
78.74112554112502
29
76.84935064935011
41
76.22242424242371
44
69.43112554112493
28
66.8955411255406
42
66.59290043289981
36
63.42974025973972
25
61.75194805194775
76
53.46586538461432
82
48.592618534481815
80
44.16530172413755
52
42.56735930735856
39
42.05732456140288
81
40.90758547008488
77
40.82547572815446
54
40.01177489177408
67
37.37011650485417
40
36.11190476190475
48
33.840043290042615
73
33.81054368931959
38
33.704285714285135
53
33.528596491227376
49
31.948333333332613
26
28.36493506493491
62
-28.32082692307833
55
26.792061403507745
32
24.506753246752567
34
23.877142857142275
63
-23.73361165048695
78
22.55276923076906
75
17.850854368931294
50
17.66848484848441
72
17.487669902912273
71
17.350019417475266
57
-16.96341991342095
35
-15.59991228070291
69
-14.909747572814467
46
-14.863116883117812

57
33
103.29907780815718
37
100.82315675552574
45
95.70454545454596
29
93.81277056277106
41
93.18584415584466
44
86.39454545454588
28
83.85896103896155
42
83.55632034632076
36
80.39316017316067
25
78.7153679653687
76
70.42928529803527
82
65.55603844790276
80
61.1287216375585
52
59.53077922077951
39
59.02074447482383
81
57.87100538350583
77
57.78889564157541
54
56.97519480519503
67
54.333536418275116
40
53.0753246753257
48
50.803463203463565
73
50.77396360274054
38
50.667705627706084
53
50.492016404648325
49
48.91175324675356
26
45.32835497835586
55
43.755481316928694
32
41.470173160173516
34
40.840562770563224
78
39.51618914419001
75
34.814274282352244
50
34.63190476190536
72
34.45108981633322
71
34.313439330896216
68
31.559131451882024
79
31.14587680997127
65
29.700177194973378
30
29.676320346320807
47
28.750262018683856
60
21.98900432900473

58
33
89.03453235361091
37
86.55861130097948
45
81.4399999999997
29
79.5482251082248
41
78.9212987012984
44
72.12999999999961
28
69.59441558441529
42
69.2917748917745
36
66.1286147186144
25
64.45082251082243
76
56.164739843489
82
51.2914929933565
80
46.86417618301223
52
45.26623376623324
39
44.75619902027756
81
43.606459928959566
77
43.52435018702914
54
42.710649350648765
67
40.06899096372885
40
38.81077922077944
48
36.5389177489173
73
36.50941814819427
38
36.40316017315982
53
36.22747095010206
49
34.6472077922073
26
31.063809523809596
55
29.49093586238243
32
27.20562770562725
34
26.57601731601696
62
-25.621952464203645
78
25.251643689643743
63
-21.034737191612265
75
20.54972882780598
50
20.367359307359095
72
20.186544361786957
71
20.04889387634995
68
17.29458599733576
79
16.881331355425004
65
15.435631740427112
30
15.411774891774542

59
33
98.94851503759351
37
96.47259398496207
45
91.3539826839823
29
89.4622077922074
41
88.835281385281
44
82.04398268398221
28
79.50839826839788
42
79.20575757575709
36
76.042597402597
25
74.36480519480503
76
66.0787225274716
82
61.205475677339095
80
56.77815886699483
52
55.18021645021584
39
54.67018170426016
81
53.52044261294216
77
53.43833287101174
54
52.62463203463136
67
49.98297364771145
40
48.72476190476203
48
46.452900432899895
73
46.42340083217687
38
46.317142857142414
53
46.141453634084655
49
44.56119047618989
26
40.97779220779219
55
39.404918546365025
32
37.119610389609846
34
36.489999999999554
78
35.16562637362634
75
30.463711511788574
50
30.28134199134169
72
30.100527045769553
71
29.962876560332546
68
27.208568681318354
79
26.7953140394076
65
25.349614424409708
30
25.325757575757137
47
24.399699248120186
60
17.63844155844106

60
33
81.31007347915245
37
78.83415242652102
45
73.71554112554124
29
71.82376623376634
41
71.19683982683993
44
64.40554112554115
28
61.869956709956824
42
61.56731601731603
36
58.40415584415594
25
56.72636363636397
76
48.44028096903054
82
43.567034118898036
80
39.13971730855377
52
37.54177489177478
39
37.0317401458191
81
35.8820010545011
77
35.79989131257068
54
34.9861904761903
62
-33.34641133866211
67
32.34453208927039
40
31.086320346320974
48
28.814458874458836
73
28.784959273735808
63
-28.75919606607073
38
28.678701298701355
53
28.503012075643596
49
26.922748917748834
26
23.339350649351132
57
-21.98900432900473
55
21.766476987923966
35
-20.62549669628669
69
-19.935331988398246
46
-19.88870129870159
32
19.481168831168787
34
18.851558441558495
27
-18.137229437228655
59
-17.63844155844106
78
17.52718481518528
43
-16.879134199134683
61
-15.89926406926378

61
33
97.20933754841623
37
94.7334164957848
45
89.61480519480502
29
87.72303030303011
41
87.09610389610371
44
80.30480519480493
28
77.7692207792206
42
77.46658008657981
36
74.30341991341972
25
72.62562770562775
76
64.33954503829432
82
59.466298188161815
80
55.03898137781755
52
53.44103896103856
39
52.93100421508288
81
51.78126512376488
77
51.69915538183446
54
50.88545454545408
67
48.24379615853417
40
46.98558441558475
48
44.713722943722615
73
44.68422334299959
38
44.577965367965135
53
44.402276144907376
49
42.82201298701261
26
39.23861471861491
55
37.665741057187745
32
35.38043290043257
34
34.750822510822275
78
33.42644888444906
75
28.724534022611294
50
28.54216450216441
72
28.361349556592273
71
28.223699071155266
68
25.469391192141074
79
25.05613655023032
65
23.61043693523243
30
23.586580086579858
47
22.660521758942906
62
-17.44714726939833

62
33
114.65648481781456
37
112.18056376518312
45
107.06195246420334
29
105.17017757242844
41
104.54325116550204
44
97.75195246420326
28
95.21636804861893
42
94.91372735597814
36
91.75056718281805
25
90.07277497502608
76
81.78669230769265
82
76.91344545756014
80
72.48612864721588
52
70.88818623043689
39
70.37815148448121
81
69.22841239316321
77
69.14630265123279
54
68.33260181485241
67
65.6909434279325
40
64.43273168498308
48
62.160870213120944
73
62.131370612397916
38
62.02511263736346
53
61.849423414305704
49
60.26916025641094
26
56.68576198801324
55
55.112888326586074
32
52.827580169830895
34
52.1979697802206
78
50.87359615384739
75
46.17168129200962
50
45.98931177156274
72
45.8084968259906
71
45.670846340553595
68
42.9165384615394
79
42.50328381962865
65
41.05758420463076
30
41.033727355978186
47
40.107669028341235
60
33.34641133866211

63
33
110.06926954522318
37
107.59334849259174
45
102.47473719161196
29
100.58296229983706
41
99.95603589291066
44
93.16473719161188
28
90.62915277602755
42
90.32651208338676
36
87.16335191022667
25
85.4855597024347
76
77.19947703510127
82
72.32623018496876
80
67.8989133746245
52
66.30097095784551
39
65.79093621188983
81
64.64119712057183
77
64.55908737864141
54
63.74538654226103
67
61.103728155341116
40
59.8455164123917
48
57.573654940529565
73
57.54415533980654
38
57.437897364772084
53
57.262208141714325
49
55.68194498381956
26
52.09854671542186
55
50.525673053994694
32
48.240364897239516
34
47.610754507629224
78
46.28638088125601
75
41.584466019418244
50
41.40209649897136
72
41.22128155339922
71
41.083631067962216
68
38.329323188948024
79
37.91606854703727
65
36.47036893203938
30
36.44651208338681
47
35.520453755749855
60
28.75919606607073

64
33
85.36421558704471
37
82.88829453441328
45
77.7696832334335
29
75.8779083416586
41
75.2509819347322
44
68.45968323343341
28
65.92409881784909
42
65.62145812520829
36
62.4582979520482
25
60.78050574425623
76
52.4944230769228
82
47.6211762267903
80
43.19385941644603
52
41.59591699966704
39
41.08588225371136
81
39.936143162393364
77
39.85403342046294
54
39.04033258408256
67
36.39867419716265
40
35.140462454213235
48
32.8686009823511
73
32.83910138162807
38
32.73284340659362
53
32.55715418353586
49
30.976891025641095
62
-29.292269230769847
26
27.393492757243393
55
25.820619095816227
63
-24.705053958178468
32
23.53531093906105
34
22.905700549450756
78
21.58132692307754
57
-17.934862221112468
75
16.879412061239776
50
16.697042540792893
35
-16.571354588394428
72
16.516227595220755
71
16.37857710978375
69
-15.881189880505985
46
-15.83455919080933

65
33
73.5989006131838
37
71.12297956055237
45
66.00436825957259
29
64.11259336779769
41
63.485666960871285
44
56.6943682595725
28
54.158783843988175
42
53.85614315134738
36
50.69298297818729
25
49.01519077039532
62
-41.05758420463076
76
40.72910810306189
63
-36.47036893203938
82
35.85586125292939
80
31.42854444258512
52
29.83060202580613
57
-29.700177194973378
39
29.32056727985045
35
-28.336669562255338
81
28.170828188532454
77
28.08871844660203
69
-27.646504854366896
46
-27.59987416467024
54
27.275017610221653
27
-25.848402303197304
59
-25.349614424409708
67
24.63335922330174
43
-24.59030706510333
61
-23.61043693523243
40
23.375147480352325
70
-22.267891896936817
48
21.103286008490187
73
21.07378640776716
38
20.967528432732706
53
20.791839209674947
49
19.211576051780185
51
-16.637239737693648
66
-16.16537266616791
26
15.628177783382483
58
-15.435631740427112

66
33
89.76427327935171
37
87.28835222672028
45
82.1697409257405
29
80.2779660339656
41
79.6510396270392
44
72.85974092574041
28
70.32415651015609
42
70.0215158175153
36
66.8583556443552
25
65.18056343656323
76
56.8944807692298
82
52.0212339190973
80
47.59391710875303
52
45.99597469197404
39
45.48593994601836
81
44.336200854700365
77
44.25409111276994
54
43.440390276389564
67
40.79873188946965
40
39.54052014652024
48
37.2686586746581
73
37.23915907393507
38
37.13290109890062
53
36.95721187584286
49
35.376948717948096
26
31.793550449550395
55
30.220676788123228
32
27.93536863136805
34
27.305758241757758
78
25.981384615384542
62
-24.892211538462846
75
21.279469753546778
50
21.097100233099894
72
20.916285287527757
71
20.77863480209075
63
-20.304996265871466
68
18.024326923076558
79
17.611072281165804
65
16.16537266616791
30
16.14151581751534

67
62
-65.6909434279325
63
-61.103728155341116
57
-54.333536418275116
35
-52.970028785557076
69
-52.279864077668634
46
-52.23323338797198
27
-50.48176152649904
59
-49.98297364771145
43
-49.22366628840507
33
48.96554138988206
61
-48.24379615853417
70
-46.901251120238555
37
46.48962033725063
45
41.37100903627085
51
-41.270598960995386
66
-40.79873188946965
58
-40.06899096372885
29
39.47923414449595
31
-38.882528785556815
41
38.85230773756955
56
-37.37011650485417
74
-36.69978958177805
64
-36.39867419716265
60
-32.34453208927039
44
32.06100903627076
28
29.525424620686437
42
29.222783928045644
36
26.05962375488555
47
-25.58327439959126
30
-24.65721607195431
65
-24.63335922330174
25
24.381831547093583
79
-23.187659608303846
68
-22.774404966393092
71
-20.0200970873789
72
-19.882446601941894
50
-19.701631656369756
75
-19.519262135922872
76
16.09574887976015
78
-14.817347274085108

68
33
71.73994635627515
37
69.26402530364372
45
64.14541400266394
29
62.25363911088904
41
61.62671270396264
44
54.83541400266385
28
52.29982958707953
42
51.997188894438736
36
48.83402872127864
25
47.156236513486675
62
-42.9165384615394
76
38.870153846153244
63
-38.329323188948024
82
33.99690699602074
57
-31.559131451882024
35
-30.195623819163984
80
29.569590185676475
69
-29.50545911127554
46
-29.458828421578886
52
27.971647768897483
27
-27.70735656010595
39
27.461613022941805
59
-27.208568681318354
43
-26.449261322011978
81
26.311873931623808
77
26.229764189693384
61
-25.469391192141074
54
25.416063353313007
70
-24.126846153845463
67
22.774404966393092
40
21.51619322344368
48
19.24433175158154
73
19.214832150858513
38
19.10857417582406
53
18.9328849527663
51
-18.496193994602294
66
-18.024326923076558
49
17.35262179487154
58
-17.29458599733576
31
-16.108123819163723

69
33
101.2454054675507
37
98.76948441491926
45
93.65087311393948
29
91.75909822216458
41
91.13217181523818
44
84.3408731139394
28
81.80528869835507
42
81.50264800571428
36
78.33948783255418
25
76.66169562476222
76
68.37561295742879
82
63.50236610729628
80
59.07504929695202
52
57.477106880173025
39
56.96707213421735
81
55.81733304289935
77
55.735223300968926
54
54.92152246458855
67
52.279864077668634
40
51.02165233471922
48
48.74979086285708
73
48.720291262134054
38
48.6140332870996
53
48.43834406404184
49
46.85808090614708
26
43.27468263774938
55
41.70180897632221
32
39.416500819567034
34
38.78689042995674
78
37.462516803583526
75
32.76060194174576
50
32.57823242129888
72
32.39741747572674
71
32.259766990289734
68
29.50545911127554
79
29.092204469364788
65
27.646504854366896
30
27.622648005714325
47
26.696589678077373
60
19.935331988398246

70
33
95.86679251012062
37
93.39087145748918
45
88.2722601565094
29
86.3804852647345
41
85.7535588578081
44
78.96226015650932
28
76.42667574092499
42
76.1240350482842
36
72.9608748751241
25
71.28308266733214
76
62.99699999999871
82
58.123753149866204
80
53.69643633952194
52
52.098493922742946
39
51.58845917678727
81
50.43872008546927
77
50.35661034353885
54
49.54290950715847
67
46.901251120238555
40
45.64303937728914
48
43.371177905427004
73
43.341678304703976
38
43.23542032966952
53
43.059731106611764
49
41.479467948717
26
37.8960696803193
55
36.32319601889213
32
34.037887862136955
34
33.40827747252666
78
32.08390384615345
75
27.381988984315683
50
27.1996194638688
72
27.018804518296662
71
26.881154032859655
68
24.126846153845463
79
23.71359151193471
65
22.267891896936817
30
22.244035048284246
47
21.317976720647295
62
-18.78969230769394

71
33
68.98563847726096
37
66.50971742462953
45
61.39110612364975
29
59.49933123187485
41
58.87240482494845
44
52.08110612364966
28
49.54552170806534
42
49.242881015424544
36
46.07972084226445
62
-45.670846340553595
25
44.40192863447248
63
-41.083631067962216
76
36.11584596713905
57
-34.313439330896216
35
-32.949931698178176
69
-32.259766990289734
46
-32.21313630059308
82
31.24259911700655
27
-30.461664439120142
59
-29.962876560332546
43
-29.20356920102617
61
-28.223699071155266
70
-26.881154032859655
80
26.815282306662283
52
25.21733988988329
39
24.707305143927613
81
23.557566052609616
77
23.475456310679192
54
22.661755474298815
51
-21.250501873616486
66
-20.77863480209075
58
-20.04889387634995
67
20.0200970873789
31
-18.862431698177915
40
18.761885344429487
56
-17.350019417475266
74
-16.67969249439915
48
16.49002387256735
73
16.46052427184432
64
-16.37857710978375

72
33
68.84798799182396
37
66.37206693919252
45
61.25345563821274
29
59.36168074643784
41
58.73475433951144
44
51.943455638212654
28
49.40787122262833
42
49.10523052998754
36
45.94207035682744
62
-45.8084968259906
25
44.264278149035476
63
-41.22128155339922
76
35.978195481702045
57
-34.45108981633322
35
-33.08758218361518
69
-32.39741747572674
46
-32.350786786030085
82
31.104948631569542
27
-30.59931492455715
59
-30.100527045769553
43
-29.341219686463177
61
-28.361349556592273
70
-27.018804518296662
80
26.677631821225276
52
25.079689404446285
39
24.569654658490606
81
23.41991556717261
77
23.337805825242185
54
22.524104988861808
51
-21.388152359053493
66
-20.916285287527757
58
-20.186544361786957
67
19.882446601941894
31
-19.00008218361492
40
18.62423485899248
56
-17.487669902912273
74
-16.817342979836155
64
-16.516227595220755
48
16.352373387130342
73
16.322873786407314

73
62
-62.131370612397916
63
-57.54415533980654
33
52.52511420541664
57
-50.77396360274054
37
50.04919315278521
35
-49.4104559700225
69
-48.720291262134054
46
-48.6736605724374
27
-46.92218871096446
59
-46.42340083217687
43
-45.66409347287049
45
44.93058185180543
61
-44.68422334299959
70
-43.341678304703976
29
43.03880696003053
41
42.411880553104126
51
-37.711026145460806
66
-37.23915907393507
58
-36.50941814819427
44
35.62058185180534
31
-35.322955970022235
56
-33.81054368931959
74
-33.14021676624347
28
33.084997436221016
64
-32.83910138162807
42
32.78235674358022
36
29.61919657042013
60
-28.784959273735808
25
27.941404362628163
47
-22.02370158405668
30
-21.09764325641973
65
-21.07378640776716
76
19.65532169529473
79
-19.628086792769267
68
-19.214832150858513
71
-16.46052427184432
72
-16.322873786407314
50
-16.142058840835176
75
-15.959689320388293
82
14.782074845162228

74
33
85.66533097166011
37
83.18940991902868
45
78.0707986180489
29
76.179023726274
41
75.5520973193476
44
68.76079861804881
28
66.22521420246449
42
65.92257350982369
36
62.7594133366636
25
61.08162112887163
76
52.7955384615382
82
47.9222916114057
80
43.49497480106143
52
41.89703238428244
39
41.38699763832676
81
40.237258547008764
77
40.15514880507834
54
39.34144796869796
67
36.69978958177805
40
35.441577838828636
48
33.1697163669665
73
33.14021676624347
38
33.03395879120902
53
32.85826956815126
49
31.278006410256495
62
-28.991153846154447
26
27.694608141858794
55
26.121734480431627
63
-24.403938573563067
32
23.83642632367645
34
23.206815934066157
78
21.88244230769294
57
-17.633746836497068
75
17.180527445855176
50
16.998157925408293
72
16.817342979836155
71
16.67969249439915
35
-16.270239203779028
69
-15.580074495890585
46
-15.53344380619393

75
33
68.48480352580494
37
66.0088824731735
45
60.89027117219372
29
58.99849628041882
41
58.37156987349242
44
51.58027117219363
28
49.04468675660931
42
48.742046063968516
62
-46.17168129200962
36
45.57888589080842
25
43.901093683016455
63
-41.584466019418244
76
35.615011015683024
57
-34.814274282352244
35
-33.450766649634204
69
-32.76060194174576
46
-32.713971252049106
27
-30.96249939057617
82
30.74176416555052
59
-30.463711511788574
43
-29.704404152482198
61
-28.724534022611294
70
-27.381988984315683
80
26.314447355206255
52
24.716504938427263
39
24.206470192471585
81
23.056731101153588
77
22.974621359223164
54
22.160920522842787
51
-21.751336825072514
66
-21.279469753546778
58
-20.54972882780598
67
19.519262135922872
31
-19.363266649633943
40
18.26105039297346
56
-17.850854368931294
74
-17.180527445855176
64
-16.879412061239776
48
15.989188921111321
73
15.959689320388293

76
62
-81.78669230769265
63
-77.19947703510127
57
-70.42928529803527
35
-69.06577766531723
69
-68.37561295742879
46
-68.32898226773213
27
-66.5775104062592
59
-66.0787225274716
43
-65.31941516816522
61
-64.33954503829432
70
-62.99699999999871
51
-57.36634784075554
66
-56.8944807692298
58
-56.164739843489
31
-54.978277665316966
56
-53.46586538461432
74
-52.7955384615382
64
-52.4944230769228
60
-48.44028096903054
47
-41.67902327935141
30
-40.75296495171446
65
-40.72910810306189
79
-39.283408488064
68
-38.870153846153244
71
-36.11584596713905
72
-35.978195481702045
50
-35.79738053612991
75
-35.615011015683024
33
32.86979251012191
78
-30.91309615384526
37
30.393871457490476
34
-29.588722527472044
32
-28.95911213786175
55
-26.673803981106573
45
25.275260156510697
26
-25.100930319679406
29
23.383485264735796
41
22.756558857809395
49
-21.517532051281705
53
-19.937268893386943

77
62
-69.14630265123279
63
-64.55908737864141
57
-57.78889564157541
35
-56.42538800885737
69
-55.735223300968926
46
-55.68859261127227
27
-53.937120749799334
59
-53.43833287101174
43
-52.67902551170536
61
-51.69915538183446
70
-50.35661034353885
33
45.51018216658177
51
-44.72595818429568
66
-44.25409111276994
58
-43.52435018702914
37
43.034261113950336
31
-42.33788800885711
56
-40.82547572815446
74
-40.15514880507834
64
-39.85403342046294
45
37.91564981297056
29
36.023874921195656
60
-35.79989131257068
41
35.396948514269255
47
-29.038633622891552
44
28.60564981297047
30
-28.1125752952546
65
-28.08871844660203
79
-26.643018831604138
68
-26.229764189693384
28
26.070065397386145
42
25.767424704745352
71
-23.475456310679192
72
-23.337805825242185
50
-23.156990879670047
75
-22.974621359223164
36
22.604264531585258
25
20.92647232379329
78
-18.2727064973854
34
-16.948332871012184

78
33
63.78288866396717
37
61.306967611335736
45
56.18835631035596
29
54.296581418581056
41
53.669655011654655
62
-50.87359615384739
44
46.87835631035587
63
-46.28638088125601
28
44.342771894771545
42
44.04013120213075
36
40.87697102897066
57
-39.51618914419001
25
39.19917882117869
35
-38.15268151147197
69
-37.462516803583526
46
-37.41588611388687
27
-35.664414252413934
59
-35.16562637362634
43
-34.40631901431996
61
-33.42644888444906
70
-32.08390384615345
76
30.91309615384526
51
-26.453251686910278
82
26.039849303712757
66
-25.981384615384542
58
-25.251643689643743
31
-24.065181511471707
56
-22.55276923076906
74
-21.88244230769294
80
21.61253249336849
64
-21.58132692307754
52
20.0145900765895
39
19.50455533063382
81
18.354816239315824
77
18.2727064973854
60
-17.52718481518528
54
17.459005661005023
67
14.817347274085108
40
13.559135531135695
48
11.287274059273557

79
33
72.15320099818591
37
69.67727994555447
45
64.5586686445747
29
62.666893752799794
41
62.03996734587339
44
55.24866864457461
28
52.71308422899028
42
52.41044353634949
36
49.247283363189396
25
47.56949115539743
62
-42.50328381962865
76
39.283408488064
63
-37.91606854703727
82
34.410161637931495
57
-31.14587680997127
80
29.98284482758723
35
-29.78236917725323
69
-29.092204469364788
46
-29.045573779668132
52
28.384902410808238
39
27.87486766485256
27
-27.294101918195196
59
-26.7953140394076
81
26.725128573534562
77
26.643018831604138
43
-26.036006680101224
54
25.82931799522376
61
-25.05613655023032
70
-23.71359151193471
67
23.187659608303846
40
21.929447865354433
48
19.657586393492295
73
19.628086792769267
38
19.521828817734814
53
19.346139594677055
51
-18.08293935269154
49
17.765876436782293
66
-17.611072281165804
58
-16.881331355425004
31
-15.694869177252968

80
62
-72.48612864721588
63
-67.8989133746245
57
-61.1287216375585
35
-59.76521400484046
69
-59.07504929695202
46
-59.02841860725536
27
-57.276946745782425
59
-56.77815886699483
43
-56.01885150768845
61
-55.03898137781755
70
-53.69643633952194
51
-48.06578418027877
66
-47.59391710875303
58
-46.86417618301223
31
-45.6777140048402
56
-44.16530172413755
74
-43.49497480106143
64
-43.19385941644603
33
42.17035617059868
37
39.694435117967245
60
-39.13971730855377
45
34.575823816987466
29
32.684048925212565
47
-32.37845961887464
41
32.057122518286164
30
-31.452401291237692
65
-31.42854444258512
79
-29.98284482758723
68
-29.569590185676475
71
-26.815282306662283
72
-26.677631821225276
50
-26.49681687565314
75
-26.314447355206255
44
25.26582381698738
28
22.730239401403054
42
22.42759870876226
78
-21.61253249336849
34
-20.288158866995275
32
-19.658548477384983
36
19.264438535602167

81
62
-69.22841239316321
63
-64.64119712057183
57
-57.87100538350583
35
-56.50749775078779
69
-55.81733304289935
46
-55.770702353202694
27
-54.01923049172976
59
-53.52044261294216
43
-52.761135253635786
61
-51.78126512376488
70
-50.43872008546927
33
45.42807242465135
51
-44.8080679262261
66
-44.336200854700365
58
-43.606459928959566
37
42.95215137201991
31
-42.41999775078753
56
-40.90758547008488
74
-40.237258547008764
64
-39.936143162393364
45
37.83354007104013
29
35.94176517926523
60
-35.8820010545011
41
35.31483877233883
47
-29.120743364821976
44
28.523540071040046
30
-28.194685037185025
65
-28.170828188532454
79
-26.725128573534562
68
-26.311873931623808
28
25.98795565545572
42
25.685314962814928
71
-23.557566052609616
72
-23.41991556717261
50
-23.23910062160047
75
-23.056731101153588
36
22.522154789654834
25
20.844362581862868
78
-18.354816239315824
34
-17.030442612942608

82
62
-76.91344545756014
63
-72.32623018496876
57
-65.55603844790276
35
-64.19253081518472
69
-63.50236610729628
46
-63.45573541759963
27
-61.70426355612669
59
-61.205475677339095
43
-60.44616831803272
61
-59.466298188161815
70
-58.123753149866204
51
-52.493100990623034
66
-52.0212339190973
58
-51.2914929933565
31
-50.10503081518446
56
-48.592618534481815
74
-47.9222916114057
64
-47.6211762267903
60
-43.567034118898036
33
37.743039360254414
47
-36.80577642921891
30
-35.87971810158196
65
-35.85586125292939
37
35.26711830762298
79
-34.410161637931495
68
-33.99690699602074
71
-31.24259911700655
72
-31.104948631569542
50
-30.924133685997404
75
-30.74176416555052
45
30.1485070066432
29
28.2567321148683
41
27.629805707941898
78
-26.039849303712757
34
-24.71547567733954
32
-24.08586528772925
55
-21.80055713097407
44
20.838507006643113
26
-20.227683469546903
28
18.30292259105879

